1.000000
1.001999
1.003996
1.005991
1.007984
1.009975
1.011964
1.013951
1.015936
1.017919
1.019900
1.021879
1.023856
1.025831
1.027804
1.029775
1.031744
1.033711
1.035676
1.037639
1.039600
1.041559
1.043516
1.045471
1.047424
1.049375
1.051324
1.053271
1.055216
1.057159
1.059100
1.061039
1.062976
1.064911
1.066844
1.068775
1.070704
1.072631
1.074556
1.076479
1.078400
1.080319
1.082236
1.084151
1.086064
1.087975
1.089884
1.091791
1.093696
1.095599
1.097500
1.099399
1.101296
1.103191
1.105084
1.106975
1.108864
1.110751
1.112636
1.114519
1.116400
1.118279
1.120156
1.122031
1.123904
1.125775
1.127644
1.129511
1.131376
1.133239
1.135100
1.136959
1.138816
1.140671
1.142524
1.144375
1.146224
1.148071
1.149916
1.151759
1.153600
1.155439
1.157276
1.159111
1.160944
1.162775
1.164604
1.166431
1.168256
1.170079
1.171900
1.173719
1.175536
1.177351
1.179164
1.180975
1.182784
1.184591
1.186396
1.188199
1.190000
1.191799
1.193596
1.195391
1.197184
1.198975
1.200764
1.202551
1.204336
1.206119
1.207900
1.209679
1.211456
1.213231
1.215004
1.216775
1.218544
1.220311
1.222076
1.223839
1.225600
1.227359
1.229116
1.230871
1.232624
1.234375
1.236124
1.237871
1.239616
1.241359
1.243100
1.244839
1.246576
1.248311
1.250044
1.251775
1.253504
1.255231
1.256956
1.258679
1.260400
1.262119
1.263836
1.265551
1.267264
1.268975
1.270684
1.272391
1.274096
1.275799
1.277500
1.279199
1.280896
1.282591
1.284284
1.285975
1.287664
1.289351
1.291036
1.292719
1.294400
1.296079
1.297756
1.299431
1.301104
1.302775
1.304444
1.306111
1.307776
1.309439
1.311100
1.312759
1.314416
1.316071
1.317724
1.319375
1.321024
1.322671
1.324316
1.325959
1.327600
1.329239
1.330876
1.332511
1.334144
1.335775
1.337404
1.339031
1.340656
1.342279
1.343900
1.345519
1.347136
1.348751
1.350364
1.351975
1.353584
1.355191
1.356796
1.358399
1.360000
1.361599
1.363196
1.364791
1.366384
1.367975
1.369564
1.371151
1.372736
1.374319
1.375900
1.377479
1.379056
1.380631
1.382204
1.383775
1.385344
1.386911
1.388476
1.390039
1.391600
1.393159
1.394716
1.396271
1.397824
1.399375
1.400924
1.402471
1.404016
1.405559
1.407100
1.408639
1.410176
1.411711
1.413244
1.414775
1.416304
1.417831
1.419356
1.420879
1.422400
1.423919
1.425436
1.426951
1.428464
1.429975
1.431484
1.432991
1.434496
1.435999
1.437500
1.438999
1.440496
1.441991
1.443484
1.444975
1.446464
1.447951
1.449436
1.450919
1.452400
1.453879
1.455356
1.456831
1.458304
1.459775
1.461244
1.462711
1.464176
1.465639
1.467100
1.468559
1.470016
1.471471
1.472924
1.474375
1.475824
1.477271
1.478716
1.480159
1.481600
1.483039
1.484476
1.485911
1.487344
1.488775
1.490204
1.491631
1.493056
1.494479
1.495900
1.497319
1.498736
1.500151
1.501564
1.502975
1.504384
1.505791
1.507196
1.508599
1.510000
1.511399
1.512796
1.514191
1.515584
1.516975
1.518364
1.519751
1.521136
1.522519
1.523900
1.525279
1.526656
1.528031
1.529404
1.530775
1.532144
1.533511
1.534876
1.536239
1.537600
1.538959
1.540316
1.541671
1.543024
1.544375
1.545724
1.547071
1.548416
1.549759
1.551100
1.552439
1.553776
1.555111
1.556444
1.557775
1.559104
1.560431
1.561756
1.563079
1.564400
1.565719
1.567036
1.568351
1.569664
1.570975
1.572284
1.573591
1.574896
1.576199
1.577500
1.578799
1.580096
1.581391
1.582684
1.583975
1.585264
1.586551
1.587836
1.589119
1.590400
1.591679
1.592956
1.594231
1.595504
1.596775
1.598044
1.599311
1.600576
1.601839
1.603100
1.604359
1.605616
1.606871
1.608124
1.609375
1.610624
1.611871
1.613116
1.614359
1.615600
1.616839
1.618076
1.619311
1.620544
1.621775
1.623004
1.624231
1.625456
1.626679
1.627900
1.629119
1.630336
1.631551
1.632764
1.633975
1.635184
1.636391
1.637596
1.638799
1.640000
1.641199
1.642396
1.643591
1.644784
1.645975
1.647164
1.648351
1.649536
1.650719
1.651900
1.653079
1.654256
1.655431
1.656604
1.657775
1.658944
1.660111
1.661276
1.662439
1.663600
1.664759
1.665916
1.667071
1.668224
1.669375
1.670524
1.671671
1.672816
1.673959
1.675100
1.676239
1.677376
1.678511
1.679644
1.680775
1.681904
1.683031
1.684156
1.685279
1.686400
1.687519
1.688636
1.689751
1.690864
1.691975
1.693084
1.694191
1.695296
1.696399
1.697500
1.698599
1.699696
1.700791
1.701884
1.702975
1.704064
1.705151
1.706236
1.707319
1.708400
1.709479
1.710556
1.711631
1.712704
1.713775
1.714844
1.715911
1.716976
1.718039
1.719100
1.720159
1.721216
1.722271
1.723324
1.724375
1.725424
1.726471
1.727516
1.728559
1.729600
1.730639
1.731676
1.732711
1.733744
1.734775
1.735804
1.736831
1.737856
1.738879
1.739900
1.740919
1.741936
1.742951
1.743964
1.744975
1.745984
1.746991
1.747996
1.748999
1.750000
1.750999
1.751996
1.752991
1.753984
1.754975
1.755964
1.756951
1.757936
1.758919
1.759900
1.760879
1.761856
1.762831
1.763804
1.764775
1.765744
1.766711
1.767676
1.768639
1.769600
1.770559
1.771516
1.772471
1.773424
1.774375
1.775324
1.776271
1.777216
1.778159
1.779100
1.780039
1.780976
1.781911
1.782844
1.783775
1.784704
1.785631
1.786556
1.787479
1.788400
1.789319
1.790236
1.791151
1.792064
1.792975
1.793884
1.794791
1.795696
1.796599
1.797500
1.798399
1.799296
1.800191
1.801084
1.801975
1.802864
1.803751
1.804636
1.805519
1.806400
1.807279
1.808156
1.809031
1.809904
1.810775
1.811644
1.812511
1.813376
1.814239
1.815100
1.815959
1.816816
1.817671
1.818524
1.819375
1.820224
1.821071
1.821916
1.822759
1.823600
1.824439
1.825276
1.826111
1.826944
1.827775
1.828604
1.829431
1.830256
1.831079
1.831900
1.832719
1.833536
1.834351
1.835164
1.835975
1.836784
1.837591
1.838396
1.839199
1.840000
1.840799
1.841596
1.842391
1.843184
1.843975
1.844764
1.845551
1.846336
1.847119
1.847900
1.848679
1.849456
1.850231
1.851004
1.851775
1.852544
1.853311
1.854076
1.854839
1.855600
1.856359
1.857116
1.857871
1.858624
1.859375
1.860124
1.860871
1.861616
1.862359
1.863100
1.863839
1.864576
1.865311
1.866044
1.866775
1.867504
1.868231
1.868956
1.869679
1.870400
1.871119
1.871836
1.872551
1.873264
1.873975
1.874684
1.875391
1.876096
1.876799
1.877500
1.878199
1.878896
1.879591
1.880284
1.880975
1.881664
1.882351
1.883036
1.883719
1.884400
1.885079
1.885756
1.886431
1.887104
1.887775
1.888444
1.889111
1.889776
1.890439
1.891100
1.891759
1.892416
1.893071
1.893724
1.894375
1.895024
1.895671
1.896316
1.896959
1.897600
1.898239
1.898876
1.899511
1.900144
1.900775
1.901404
1.902031
1.902656
1.903279
1.903900
1.904519
1.905136
1.905751
1.906364
1.906975
1.907584
1.908191
1.908796
1.909399
1.910000
1.910599
1.911196
1.911791
1.912384
1.912975
1.913564
1.914151
1.914736
1.915319
1.915900
1.916479
1.917056
1.917631
1.918204
1.918775
1.919344
1.919911
1.920476
1.921039
1.921600
1.922159
1.922716
1.923271
1.923824
1.924375
1.924924
1.925471
1.926016
1.926559
1.927100
1.927639
1.928176
1.928711
1.929244
1.929775
1.930304
1.930831
1.931356
1.931879
1.932400
1.932919
1.933436
1.933951
1.934464
1.934975
1.935484
1.935991
1.936496
1.936999
1.937500
1.937999
1.938496
1.938991
1.939484
1.939975
1.940464
1.940951
1.941436
1.941919
1.942400
1.942879
1.943356
1.943831
1.944304
1.944775
1.945244
1.945711
1.946176
1.946639
1.947100
1.947559
1.948016
1.948471
1.948924
1.949375
1.949824
1.950271
1.950716
1.951159
1.951600
1.952039
1.952476
1.952911
1.953344
1.953775
1.954204
1.954631
1.955056
1.955479
1.955900
1.956319
1.956736
1.957151
1.957564
1.957975
1.958384
1.958791
1.959196
1.959599
1.960000
1.960399
1.960796
1.961191
1.961584
1.961975
1.962364
1.962751
1.963136
1.963519
1.963900
1.964279
1.964656
1.965031
1.965404
1.965775
1.966144
1.966511
1.966876
1.967239
1.967600
1.967959
1.968316
1.968671
1.969024
1.969375
1.969724
1.970071
1.970416
1.970759
1.971100
1.971439
1.971776
1.972111
1.972444
1.972775
1.973104
1.973431
1.973756
1.974079
1.974400
1.974719
1.975036
1.975351
1.975664
1.975975
1.976284
1.976591
1.976896
1.977199
1.977500
1.977799
1.978096
1.978391
1.978684
1.978975
1.979264
1.979551
1.979836
1.980119
1.980400
1.980679
1.980956
1.981231
1.981504
1.981775
1.982044
1.982311
1.982576
1.982839
1.983100
1.983359
1.983616
1.983871
1.984124
1.984375
1.984624
1.984871
1.985116
1.985359
1.985600
1.985839
1.986076
1.986311
1.986544
1.986775
1.987004
1.987231
1.987456
1.987679
1.987900
1.988119
1.988336
1.988551
1.988764
1.988975
1.989184
1.989391
1.989596
1.989799
1.990000
1.990199
1.990396
1.990591
1.990784
1.990975
1.991164
1.991351
1.991536
1.991719
1.991900
1.992079
1.992256
1.992431
1.992604
1.992775
1.992944
1.993111
1.993276
1.993439
1.993600
1.993759
1.993916
1.994071
1.994224
1.994375
1.994524
1.994671
1.994816
1.994959
1.995100
1.995239
1.995376
1.995511
1.995644
1.995775
1.995904
1.996031
1.996156
1.996279
1.996400
1.996519
1.996636
1.996751
1.996864
1.996975
1.997084
1.997191
1.997296
1.997399
1.997500
1.997599
1.997696
1.997791
1.997884
1.997975
1.998064
1.998151
1.998236
1.998319
1.998400
1.998479
1.998556
1.998631
1.998704
1.998775
1.998844
1.998911
1.998976
1.999039
1.999100
1.999159
1.999216
1.999271
1.999324
1.999375
1.999424
1.999471
1.999516
1.999559
1.999600
1.999639
1.999676
1.999711
1.999744
1.999775
1.999804
1.999831
1.999856
1.999879
1.999900
1.999919
1.999936
1.999951
1.999964
1.999975
1.999984
1.999991
1.999996
1.999999
2.000000
