1.000000
1.001002
1.002008
1.003018
1.004032
1.005050
1.006072
1.007098
1.008127
1.009161
1.010199
1.011240
1.012286
1.013335
1.014388
1.015446
1.016507
1.017572
1.018640
1.019713
1.020789
1.021870
1.022954
1.024042
1.025134
1.026229
1.027329
1.028432
1.029539
1.030650
1.031765
1.032883
1.034005
1.035131
1.036260
1.037394
1.038531
1.039672
1.040816
1.041964
1.043116
1.044272
1.045431
1.046594
1.047761
1.048931
1.050105
1.051283
1.052464
1.053649
1.054837
1.056030
1.057225
1.058425
1.059628
1.060834
1.062044
1.063258
1.064475
1.065696
1.066920
1.068148
1.069380
1.070615
1.071853
1.073095
1.074341
1.075590
1.076843
1.078099
1.079358
1.080621
1.081888
1.083158
1.084431
1.085708
1.086988
1.088272
1.089559
1.090850
1.092144
1.093441
1.094742
1.096046
1.097354
1.098665
1.099979
1.101297
1.102618
1.103942
1.105270
1.106601
1.107936
1.109274
1.110615
1.111959
1.113307
1.114658
1.116012
1.117370
1.118731
1.120095
1.121462
1.122833
1.124207
1.125584
1.126965
1.128348
1.129735
1.131125
1.132519
1.133915
1.135315
1.136718
1.138124
1.139534
1.140946
1.142362
1.143781
1.145203
1.146628
1.148056
1.149488
1.150922
1.152360
1.153801
1.155245
1.156692
1.158142
1.159595
1.161052
1.162511
1.163974
1.165439
1.166908
1.168380
1.169854
1.171332
1.172813
1.174297
1.175784
1.177274
1.178767
1.180263
1.181762
1.183264
1.184769
1.186277
1.187787
1.189301
1.190818
1.192338
1.193861
1.195387
1.196915
1.198447
1.199982
1.201519
1.203059
1.204603
1.206149
1.207698
1.209250
1.210805
1.212363
1.213924
1.215487
1.217054
1.218623
1.220195
1.221770
1.223348
1.224929
1.226512
1.228099
1.229688
1.231280
1.232875
1.234473
1.236073
1.237676
1.239282
1.240891
1.242503
1.244117
1.245734
1.247354
1.248977
1.250602
1.252231
1.253861
1.255495
1.257131
1.258771
1.260412
1.262057
1.263704
1.265354
1.267007
1.268662
1.270320
1.271981
1.273644
1.275310
1.276979
1.278650
1.280324
1.282001
1.283680
1.285362
1.287047
1.288734
1.290424
1.292116
1.293811
1.295509
1.297209
1.298912
1.300618
1.302326
1.304036
1.305750
1.307465
1.309184
1.310905
1.312628
1.314354
1.316083
1.317814
1.319547
1.321284
1.323022
1.324764
1.326507
1.328254
1.330002
1.331754
1.333507
1.335263
1.337022
1.338783
1.340547
1.342313
1.344082
1.345853
1.347626
1.349402
1.351181
1.352962
1.354745
1.356531
1.358319
1.360109
1.361902
1.363698
1.365496
1.367296
1.369098
1.370903
1.372711
1.374521
1.376333
1.378147
1.379964
1.381783
1.383605
1.385429
1.387255
1.389084
1.390915
1.392748
1.394584
1.396422
1.398262
1.400105
1.401950
1.403797
1.405647
1.407498
1.409353
1.411209
1.413068
1.414929
1.416792
1.418658
1.420525
1.422396
1.424268
1.426142
1.428019
1.429898
1.431780
1.433663
1.435549
1.437437
1.439327
1.441220
1.443114
1.445011
1.446910
1.448812
1.450715
1.452621
1.454529
1.456439
1.458351
1.460265
1.462182
1.464101
1.466021
1.467944
1.469870
1.471797
1.473726
1.475658
1.477592
1.479528
1.481466
1.483406
1.485348
1.487292
1.489239
1.491187
1.493138
1.495091
1.497046
1.499003
1.500962
1.502923
1.504886
1.506851
1.508819
1.510788
1.512760
1.514733
1.516709
1.518686
1.520666
1.522648
1.524631
1.526617
1.528605
1.530595
1.532586
1.534580
1.536576
1.538574
1.540574
1.542576
1.544579
1.546585
1.548593
1.550603
1.552615
1.554628
1.556644
1.558662
1.560682
1.562703
1.564727
1.566752
1.568780
1.570809
1.572840
1.574874
1.576909
1.578946
1.580985
1.583026
1.585069
1.587114
1.589161
1.591209
1.593260
1.595312
1.597367
1.599423
1.601481
1.603541
1.605603
1.607666
1.609732
1.611800
1.613869
1.615940
1.618013
1.620088
1.622165
1.624243
1.626324
1.628406
1.630490
1.632576
1.634664
1.636753
1.638845
1.640938
1.643033
1.645130
1.647229
1.649329
1.651431
1.653535
1.655641
1.657749
1.659858
1.661969
1.664082
1.666197
1.668313
1.670432
1.672552
1.674673
1.676797
1.678922
1.681049
1.683178
1.685309
1.687441
1.689575
1.691711
1.693848
1.695987
1.698128
1.700271
1.702415
1.704561
1.706709
1.708858
1.711009
1.713162
1.715317
1.717473
1.719631
1.721790
1.723952
1.726114
1.728279
1.730445
1.732613
1.734783
1.736954
1.739127
1.741302
1.743478
1.745656
1.747835
1.750016
1.752199
1.754384
1.756570
1.758757
1.760947
1.763138
1.765330
1.767524
1.769720
1.771917
1.774116
1.776317
1.778519
1.780723
1.782928
1.785135
1.787344
1.789554
1.791765
1.793979
1.796193
1.798410
1.800628
1.802847
1.805068
1.807291
1.809515
1.811741
1.813968
1.816197
1.818428
1.820659
1.822893
1.825128
1.827364
1.829602
1.831842
1.834083
1.836326
1.838570
1.840815
1.843062
1.845311
1.847561
1.849813
1.852066
1.854321
1.856577
1.858834
1.861093
1.863354
1.865616
1.867879
1.870144
1.872411
1.874679
1.876948
1.879219
1.881491
1.883765
1.886040
1.888317
1.890595
1.892874
1.895155
1.897438
1.899722
1.902007
1.904294
1.906582
1.908871
1.911162
1.913455
1.915748
1.918044
1.920340
1.922638
1.924938
1.927239
1.929541
1.931844
1.934149
1.936456
1.938764
1.941073
1.943383
1.945695
1.948009
1.950323
1.952639
1.954957
1.957275
1.959596
1.961917
1.964240
1.966564
1.968890
1.971216
1.973545
1.975874
1.978205
1.980537
1.982871
1.985206
1.987542
1.989880
1.992219
1.994559
1.996901
1.999243
2.001588
2.003933
2.006280
2.008628
2.010977
2.013328
2.015680
2.018033
2.020388
2.022744
2.025101
2.027459
2.029819
2.032180
2.034542
2.036906
2.039271
2.041637
2.044004
2.046373
2.048743
2.051114
2.053486
2.055860
2.058235
2.060611
2.062988
2.065367
2.067747
2.070128
2.072510
2.074894
2.077279
2.079665
2.082052
2.084441
2.086830
2.089221
2.091613
2.094007
2.096401
2.098797
2.101194
2.103592
2.105992
2.108392
2.110794
2.113197
2.115601
2.118007
2.120413
2.122821
2.125230
2.127640
2.130052
2.132464
2.134878
2.137293
2.139709
2.142126
2.144544
2.146964
2.149384
2.151806
2.154229
2.156653
2.159078
2.161505
2.163932
2.166361
2.168791
2.171222
2.173654
2.176087
2.178522
2.180957
2.183394
2.185832
2.188271
2.190711
2.193152
2.195594
2.198037
2.200482
2.202927
2.205374
2.207822
2.210271
2.212721
2.215172
2.217624
2.220077
2.222532
2.224987
2.227444
2.229901
2.232360
2.234820
2.237281
2.239743
2.242206
2.244670
2.247135
2.249602
2.252069
2.254537
2.257007
2.259477
2.261949
2.264421
2.266895
2.269370
2.271846
2.274322
2.276800
2.279279
2.281759
2.284240
2.286722
2.289205
2.291689
2.294175
2.296661
2.299148
2.301636
2.304125
2.306616
2.309107
2.311599
2.314093
2.316587
2.319082
2.321579
2.324076
2.326574
2.329074
2.331574
2.334075
2.336578
2.339081
2.341585
2.344091
2.346597
2.349104
2.351613
2.354122
2.356632
2.359143
2.361655
2.364169
2.366683
2.369198
2.371714
2.374231
2.376749
2.379268
2.381788
2.384309
2.386831
2.389354
2.391877
2.394402
2.396928
2.399454
2.401982
2.404510
2.407040
2.409570
2.412102
2.414634
2.417167
2.419701
2.422236
2.424772
2.427309
2.429847
2.432386
2.434925
2.437466
2.440008
2.442550
2.445093
2.447638
2.450183
2.452729
2.455276
2.457824
2.460373
2.462922
2.465473
2.468024
2.470577
2.473130
2.475684
2.478239
2.480795
2.483352
2.485910
2.488469
2.491028
2.493588
2.496150
2.498712
2.501275
2.503839
2.506404
2.508969
2.511536
2.514103
2.516671
2.519240
2.521810
2.524381
2.526953
2.529525
2.532099
2.534673
2.537248
2.539824
2.542401
2.544978
2.547557
2.550136
2.552716
2.555297
2.557879
2.560462
2.563045
2.565630
2.568215
2.570801
2.573387
2.575975
2.578564
2.581153
2.583743
2.586334
2.588926
2.591518
2.594112
2.596706
2.599301
2.601897
2.604493
2.607091
2.609689
2.612288
2.614888
2.617488
2.620090
2.622692
2.625295
2.627899
2.630503
2.633109
2.635715
2.638322
2.640930
2.643538
2.646147
2.648758
2.651368
2.653980
2.656592
2.659206
2.661820
2.664434
2.667050
2.669666
2.672283
2.674901
2.677520
2.680139
2.682759
2.685380
2.688002
2.690624
2.693247
2.695871
2.698496
2.701121
2.703747
2.706374
2.709002
2.711630
2.714259
2.716889
2.719520
2.722151
2.724783
2.727416
2.730049
2.732684
2.735319
2.737954
2.740591
2.743228
2.745866
2.748504
2.751144
2.753784
2.756425
2.759066
2.761708
2.764351
2.766995
2.769639
2.772284
2.774930
2.777577
2.780224
2.782872
2.785520
2.788170
2.790820
2.793470
2.796122
2.798774
2.801427
2.804080
2.806734
2.809389
2.812045
2.814701
2.817358
2.820016
2.822674
2.825333
2.827993
2.830653
2.833314
2.835976
2.838638
2.841301
2.843965
2.846629
2.849294
2.851960
2.854627
2.857294
2.859961
2.862630
2.865299
2.867969
2.870639
2.873310
2.875982
2.878654
2.881327
2.884001
2.886675
2.889350
2.892026
2.894702
2.897379
2.900056
2.902735
2.905414
2.908093
2.910773
2.913454
2.916135
2.918817
2.921500
2.924183
2.926867
2.929552
2.932237
2.934923
2.937609
2.940297
2.942984
2.945673
2.948362
2.951051
2.953741
2.956432
2.959124
2.961816
2.964508
2.967202
2.969896
2.972590
2.975285
2.977981
2.980677
2.983374
2.986072
2.988770
2.991469
2.994168
2.996868
2.999569
3.002270
3.004972
3.007674
3.010377
3.013080
3.015785
3.018489
3.021195
3.023900
3.026607
3.029314
3.032022
3.034730
3.037439
3.040148
3.042858
3.045569
3.048280
3.050992
3.053704
3.056417
3.059130
3.061844
3.064559
3.067274
3.069990
3.072706
3.075423
3.078140
3.080858
3.083577
3.086296
3.089016
3.091736
3.094457
3.097178
3.099900
3.102623
3.105346
3.108069
3.110793
3.113518
3.116243
3.118969
3.121695
3.124422
3.127150
3.129878
3.132606
3.135335
3.138065
3.140795
3.143526
3.146257
3.148989
3.151721
3.154454
3.157187
3.159921
3.162655
3.165390
3.168126
3.170862
3.173598
3.176336
3.179073
3.181811
3.184550
3.187289
3.190029
3.192769
3.195510
3.198251
3.200993
3.203735
3.206478
3.209221
3.211965
3.214709
3.217454
3.220199
3.222945
3.225692
3.228438
3.231186
3.233934
3.236682
3.239431
3.242180
3.244930
3.247681
3.250431
3.253183
3.255935
3.258687
3.261440
3.264193
3.266947
3.269702
3.272456
3.275212
3.277968
3.280724
3.283481
3.286238
3.288996
3.291754
3.294513
3.297272
3.300032
3.302792
3.305552
3.308314
3.311075
3.313837
3.316600
3.319363
3.322126
3.324890
3.327655
3.330420
3.333185
3.335951
3.338717
3.341484
3.344251
3.347019
3.349787
3.352556
3.355325
3.358095
3.360865
3.363635
3.366406
3.369178
3.371949
3.374722
3.377495
3.380268
3.383042
3.385816
3.388590
3.391365
3.394141
3.396917
3.399693
3.402470
3.405247
3.408025
3.410803
3.413582
3.416361
3.419140
3.421920
3.424701
3.427481
3.430263
3.433044
3.435827
3.438609
3.441392
3.444176
3.446959
3.449744
3.452528
3.455314
3.458099
3.460885
3.463672
3.466458
3.469246
3.472034
3.474822
3.477610
3.480399
3.483189
3.485978
3.488769
3.491559
3.494350
3.497142
3.499934
3.502726
3.505519
3.508312
3.511106
3.513900
3.516694
3.519489
3.522284
3.525080
3.527876
3.530672
3.533469
3.536266
3.539064
3.541862
3.544661
3.547460
3.550259
3.553059
3.555859
3.558659
3.561460
3.564261
3.567063
3.569865
3.572667
3.575470
3.578274
3.581077
3.583881
3.586686
3.589491
3.592296
3.595101
3.597907
3.600714
3.603520
3.606328
3.609135
3.611943
3.614751
3.617560
3.620369
3.623179
3.625988
3.628799
3.631609
3.634420
3.637232
3.640043
3.642855
3.645668
3.648481
3.651294
3.654108
3.656922
3.659736
3.662551
3.665366
3.668181
3.670997
3.673813
3.676630
3.679447
3.682264
3.685082
3.687900
3.690718
3.693537
3.696356
3.699175
3.701995
3.704815
3.707636
3.710457
3.713278
3.716100
3.718922
3.721744
3.724567
3.727390
3.730213
3.733037
3.735861
3.738685
3.741510
3.744335
3.747161
3.749987
3.752813
3.755639
3.758466
3.761294
3.764121
3.766949
3.769777
3.772606
3.775435
3.778264
3.781094
3.783924
3.786754
3.789585
3.792416
3.795247
3.798079
3.800911
3.803743
3.806576
3.809409
3.812242
3.815076
3.817910
3.820744
3.823579
3.826414
3.829249
3.832085
3.834921
3.837757
3.840594
3.843431
3.846268
3.849106
3.851944
3.854782
3.857621
3.860460
3.863299
3.866138
3.868978
3.871818
3.874659
3.877500
3.880341
3.883182
3.886024
3.888866
3.891709
3.894552
3.897395
3.900238
3.903082
3.905926
3.908770
3.911615
3.914459
3.917305
3.920150
3.922996
3.925842
3.928689
3.931536
3.934383
3.937230
3.940078
3.942926
3.945774
3.948623
3.951472
3.954321
3.957170
3.960020
3.962870
3.965721
3.968571
3.971422
3.974274
3.977125
3.979977
3.982829
3.985682
3.988535
3.991388
3.994241
3.997095
3.999949
4.002803
4.005657
4.008512
4.011367
4.014223
4.017078
4.019934
4.022791
4.025647
4.028504
4.031361
4.034219
4.037076
4.039934
4.042793
4.045651
4.048510
4.051369
4.054229
4.057088
4.059948
4.062808
4.065669
4.068530
4.071391
4.074252
4.077114
4.079976
4.082838
4.085700
4.088563
4.091426
4.094289
4.097153
4.100017
4.102881
4.105745
4.108610
4.111475
4.114340
4.117206
4.120071
4.122937
4.125803
4.128670
4.131537
4.134404
4.137271
4.140139
4.143007
4.145875
4.148743
4.151612
4.154481
4.157350
4.160219
4.163089
4.165959
4.168829
4.171700
4.174570
4.177441
4.180313
4.183184
4.186056
4.188928
4.191800
4.194673
4.197545
4.200418
4.203292
4.206165
4.209039
4.211913
4.214787
4.217662
4.220537
4.223412
4.226287
4.229163
4.232039
4.234915
4.237791
4.240667
4.243544
4.246421
4.249298
4.252176
4.255054
4.257932
4.260810
4.263689
4.266567
4.269446
4.272326
4.275205
4.278085
4.280965
4.283845
4.286725
4.289606
4.292487
4.295368
4.298249
4.301131
4.304013
4.306895
4.309777
4.312660
4.315543
4.318426
4.321309
4.324192
4.327076
4.329960
4.332844
4.335729
4.338613
4.341498
4.344383
4.347269
4.350154
4.353040
4.355926
4.358812
4.361699
4.364586
4.367473
4.370360
4.373247
4.376135
4.379023
4.381911
4.384799
4.387687
4.390576
4.393465
4.396354
4.399244
4.402133
4.405023
4.407913
4.410804
4.413694
4.416585
4.419476
4.422367
4.425258
4.428150
4.431042
4.433934
4.436826
4.439718
4.442611
4.445504
4.448397
4.451290
4.454184
4.457078
4.459972
4.462866
4.465760
4.468655
4.471549
4.474444
4.477340
4.480235
4.483131
4.486027
4.488923
4.491819
4.494715
4.497612
4.500509
4.503406
4.506303
4.509201
4.512099
4.514996
4.517895
4.520793
4.523691
4.526590
4.529489
4.532388
4.535287
4.538187
4.541087
4.543987
4.546887
4.549787
4.552688
4.555588
4.558489
4.561390
4.564292
4.567193
4.570095
4.572997
4.575899
4.578801
4.581704
4.584606
4.587509
4.590412
4.593316
4.596219
4.599123
4.602027
4.604931
4.607835
4.610739
4.613644
4.616549
4.619454
4.622359
4.625264
4.628170
4.631076
4.633982
4.636888
4.639794
4.642701
4.645607
4.648514
4.651421
4.654328
4.657236
4.660143
4.663051
4.665959
4.668867
4.671776
4.674684
4.677593
4.680502
4.683411
4.686320
4.689230
4.692139
4.695049
4.697959
4.700869
4.703780
4.706690
4.709601
4.712512
4.715423
4.718334
4.721246
4.724157
4.727069
4.729981
4.732893
4.735805
4.738718
4.741630
4.744543
4.747456
4.750369
4.753283
4.756196
4.759110
4.762024
4.764938
4.767852
4.770767
4.773681
4.776596
4.779511
4.782426
4.785341
4.788256
4.791172
4.794088
4.797004
4.799920
4.802836
4.805752
4.808669
4.811586
4.814503
4.817420
4.820337
4.823254
4.826172
4.829090
4.832008
4.834926
4.837844
4.840762
4.843681
4.846599
4.849518
4.852437
4.855357
4.858276
4.861196
4.864115
4.867035
4.869955
4.872875
4.875796
4.878716
4.881637
4.884557
4.887478
4.890400
4.893321
4.896242
4.899164
4.902086
4.905008
4.907930
4.910852
4.913774
4.916697
4.919619
4.922542
4.925465
4.928388
4.931312
4.934235
4.937159
4.940083
4.943006
4.945930
4.948855
4.951779
4.954704
4.957628
4.960553
4.963478
4.966403
4.969328
4.972254
4.975179
4.978105
4.981031
4.983957
4.986883
4.989809
4.992736
4.995663
4.998589
5.001516
5.004443
5.007370
5.010298
5.013225
5.016153
5.019081
5.022009
5.024937
5.027865
5.030793
5.033722
5.036650
5.039579
5.042508
5.045437
5.048366
5.051295
5.054225
5.057155
5.060084
5.063014
5.065944
5.068874
5.071805
5.074735
5.077666
5.080597
5.083527
5.086458
5.089390
5.092321
5.095252
5.098184
5.101116
5.104047
5.106979
5.109912
5.112844
5.115776
5.118709
5.121641
5.124574
5.127507
5.130440
5.133373
5.136307
5.139240
5.142174
5.145107
5.148041
5.150975
5.153909
5.156844
5.159778
5.162712
5.165647
5.168582
5.171517
5.174452
5.177387
5.180322
5.183258
5.186193
5.189129
5.192065
5.195001
5.197937
5.200873
5.203809
5.206746
5.209682
5.212619
5.215556
5.218493
5.221430
5.224367
5.227304
5.230242
5.233179
5.236117
5.239055
5.241993
5.244931
5.247869
5.250807
5.253746
5.256684
5.259623
5.262562
5.265501
5.268440
5.271379
5.274318
5.277258
5.280197
5.283137
5.286077
5.289017
5.291957
5.294897
5.297837
5.300778
5.303718
5.306659
5.309599
5.312540
5.315481
5.318422
5.321364
5.324305
5.327246
5.330188
5.333130
5.336071
5.339013
5.341955
5.344898
5.347840
5.350782
5.353725
5.356667
5.359610
5.362553
5.365496
5.368439
5.371382
5.374325
5.377269
5.380212
5.383156
5.386100
5.389043
5.391987
5.394932
5.397876
5.400820
5.403764
5.406709
5.409654
5.412598
5.415543
5.418488
5.421433
5.424378
5.427324
5.430269
5.433215
5.436160
5.439106
5.442052
5.444998
5.447944
5.450890
5.453836
5.456783
5.459729
5.462676
5.465622
5.468569
5.471516
5.474463
5.477410
5.480358
5.483305
5.486252
5.489200
5.492148
5.495095
5.498043
5.500991
5.503939
5.506887
5.509836
5.512784
5.515733
5.518681
5.521630
5.524579
5.527527
5.530476
5.533426
5.536375
5.539324
5.542273
5.545223
5.548173
5.551122
5.554072
5.557022
5.559972
5.562922
5.565872
5.568823
5.571773
5.574724
5.577674
5.580625
5.583576
5.586527
5.589478
5.592429
5.595380
5.598331
5.601282
5.604234
5.607186
5.610137
5.613089
5.616041
5.618993
5.621945
5.624897
5.627849
5.630802
5.633754
5.636707
5.639659
5.642612
5.645565
5.648518
5.651471
5.654424
5.657377
5.660330
5.663284
5.666237
5.669191
5.672144
5.675098
5.678052
5.681006
5.683960
5.686914
5.689868
5.692823
5.695777
5.698732
5.701686
5.704641
5.707596
5.710550
5.713505
5.716460
5.719416
5.722371
5.725326
5.728281
5.731237
5.734193
5.737148
5.740104
5.743060
5.746016
5.748972
5.751928
5.754884
5.757840
5.760797
5.763753
5.766710
5.769666
5.772623
5.775580
5.778537
5.781494
5.784451
5.787408
5.790365
5.793322
5.796280
5.799237
5.802195
5.805152
5.808110
5.811068
5.814026
5.816984
5.819942
5.822900
5.825858
5.828817
5.831775
5.834734
5.837692
5.840651
5.843610
5.846568
5.849527
5.852486
5.855445
5.858404
5.861364
5.864323
5.867282
5.870242
5.873201
5.876161
5.879121
5.882081
5.885041
5.888000
5.890960
5.893921
5.896881
5.899841
5.902801
5.905762
5.908722
5.911683
5.914644
5.917604
5.920565
5.923526
5.926487
5.929448
5.932409
5.935371
5.938332
5.941293
5.944255
5.947216
5.950178
5.953140
5.956101
5.959063
5.962025
5.964987
5.967949
5.970911
5.973873
5.976836
5.979798
5.982761
5.985723
5.988686
5.991648
5.994611
5.997574
6.000537
6.003500
6.006463
6.009426
6.012389
6.015352
6.018316
