1.000000
0.990999
0.981998
0.972995
0.963992
0.954987
0.945982
0.936975
0.927968
0.918959
0.909950
0.900939
0.891928
0.882915
0.873902
0.864887
0.855872
0.846856
0.837838
0.828820
0.819800
0.810780
0.801758
0.792736
0.783712
0.774688
0.765662
0.756636
0.747608
0.738580
0.729550
0.720520
0.711488
0.702456
0.693422
0.684388
0.675352
0.666316
0.657278
0.648240
0.639200
0.630160
0.621118
0.612076
0.603033
0.593988
0.584943
0.575896
0.566849
0.557800
0.548751
0.539701
0.530649
0.521597
0.512543
0.503489
0.494434
0.485377
0.476320
0.467261
0.458202
0.449142
0.440080
0.431018
0.421955
0.412890
0.403825
0.394759
0.385692
0.376623
0.367554
0.358484
0.349412
0.340340
0.331267
0.322193
0.313118
0.304041
0.294964
0.285886
0.276807
0.267727
0.258645
0.249563
0.240480
0.231396
0.222311
0.213225
0.204138
0.195050
0.185961
0.176871
0.167780
0.158688
0.149595
0.140501
0.131406
0.122310
0.113213
0.104115
0.095017
0.085917
0.076816
0.067714
0.058611
0.049508
0.040403
0.031297
0.022191
0.013083
0.003974
-0.005135
-0.014246
-0.023357
-0.032470
-0.041583
-0.050698
-0.059813
-0.068930
-0.078047
-0.087166
-0.096285
-0.105405
-0.114526
-0.123649
-0.132772
-0.141896
-0.151021
-0.160147
-0.169274
-0.178402
-0.187531
-0.196661
-0.205792
-0.214924
-0.224057
-0.233191
-0.242326
-0.251462
-0.260598
-0.269736
-0.278875
-0.288014
-0.297155
-0.306296
-0.315439
-0.324582
-0.333727
-0.342872
-0.352018
-0.361166
-0.370314
-0.379463
-0.388613
-0.397764
-0.406916
-0.416069
-0.425223
-0.434378
-0.443534
-0.452691
-0.461849
-0.471007
-0.480167
-0.489328
-0.498489
-0.507652
-0.516815
-0.525979
-0.535145
-0.544311
-0.553478
-0.562646
-0.571815
-0.580985
-0.590156
-0.599328
-0.608501
-0.617675
-0.626850
-0.636025
-0.645202
-0.654379
-0.663558
-0.672737
-0.681917
-0.691099
-0.700281
-0.709464
-0.718648
-0.727833
-0.737019
-0.746206
-0.755393
-0.764582
-0.773772
-0.782962
-0.792154
-0.801346
-0.810539
-0.819733
-0.828929
-0.838125
-0.847322
-0.856519
-0.865718
-0.874918
-0.884119
-0.893320
-0.902523
-0.911726
-0.920930
-0.930135
-0.939342
-0.948549
-0.957757
-0.966965
-0.976175
-0.985386
-0.994597
-1.003810
-1.013023
-1.022237
-1.031452
-1.040669
-1.049885
-1.059103
-1.068322
-1.077542
-1.086762
-1.095984
-1.105206
-1.114429
-1.123653
-1.132878
-1.142104
-1.151331
-1.160559
-1.169787
-1.179017
-1.188247
-1.197478
-1.206711
-1.215944
-1.225177
-1.234412
-1.243648
-1.252884
-1.262122
-1.271360
-1.280599
-1.289839
-1.299080
-1.308322
-1.317564
-1.326808
-1.336052
-1.345298
-1.354544
-1.363791
-1.373039
-1.382287
-1.391537
-1.400787
-1.410039
-1.419291
-1.428544
-1.437798
-1.447052
-1.456308
-1.465564
-1.474822
-1.484080
-1.493339
-1.502599
-1.511859
-1.521121
-1.530383
-1.539647
-1.548911
-1.558176
-1.567442
-1.576708
-1.585976
-1.595244
-1.604513
-1.613783
-1.623054
-1.632326
-1.641598
-1.650871
-1.660146
-1.669421
-1.678696
-1.687973
-1.697250
-1.706529
-1.715808
-1.725088
-1.734369
-1.743650
-1.752933
-1.762216
-1.771500
-1.780785
-1.790070
-1.799357
-1.808644
-1.817932
-1.827221
-1.836511
-1.845802
-1.855093
-1.864385
-1.873678
-1.882972
-1.892266
-1.901562
-1.910858
-1.920155
-1.929453
-1.938751
-1.948050
-1.957351
-1.966652
-1.975953
-1.985256
-1.994559
-2.003863
-2.013168
-2.022474
-2.031780
-2.041087
-2.050395
-2.059704
-2.069014
-2.078324
-2.087635
-2.096947
-2.106260
-2.115573
-2.124887
-2.134202
-2.143518
-2.152834
-2.162152
-2.171470
-2.180788
-2.190108
-2.199428
-2.208749
-2.218071
-2.227394
-2.236717
-2.246041
-2.255366
-2.264691
-2.274018
-2.283345
-2.292672
-2.302001
-2.311330
-2.320660
-2.329991
-2.339322
-2.348655
-2.357988
-2.367321
-2.376656
-2.385991
-2.395327
-2.404663
-2.414001
-2.423339
-2.432677
-2.442017
-2.451357
-2.460698
-2.470040
-2.479382
-2.488725
-2.498069
-2.507413
-2.516758
-2.526104
-2.535451
-2.544798
-2.554146
-2.563495
-2.572844
-2.582195
-2.591545
-2.600897
-2.610249
-2.619602
-2.628955
-2.638310
-2.647665
-2.657020
-2.666377
-2.675734
-2.685091
-2.694450
-2.703809
-2.713168
-2.722529
-2.731890
-2.741251
-2.750614
-2.759977
-2.769341
-2.778705
-2.788070
-2.797436
-2.806802
-2.816169
-2.825537
-2.834905
-2.844274
-2.853644
-2.863014
-2.872385
-2.881757
-2.891129
-2.900502
-2.909875
-2.919249
-2.928624
-2.938000
-2.947376
-2.956752
-2.966130
-2.975508
-2.984886
-2.994265
-3.003645
-3.013026
-3.022407
-3.031788
-3.041171
-3.050553
-3.059937
-3.069321
-3.078706
-3.088091
-3.097477
-3.106864
-3.116251
-3.125639
-3.135027
-3.144416
-3.153805
-3.163196
-3.172586
-3.181978
-3.191370
-3.200762
-3.210155
-3.219549
-3.228943
-3.238338
-3.247733
-3.257129
-3.266526
-3.275923
-3.285321
-3.294719
-3.304118
-3.313517
-3.322917
-3.332317
-3.341719
-3.351120
-3.360522
-3.369925
-3.379328
-3.388732
-3.398137
-3.407541
-3.416947
-3.426353
-3.435759
-3.445167
-3.454574
-3.463982
-3.473391
-3.482800
-3.492210
-3.501620
-3.511031
-3.520442
-3.529854
-3.539266
-3.548679
-3.558093
-3.567507
-3.576921
-3.586336
-3.595751
-3.605167
-3.614584
-3.624001
-3.633418
-3.642836
-3.652254
-3.661673
-3.671093
-3.680512
-3.689933
-3.699354
-3.708775
-3.718197
-3.727619
-3.737042
-3.746465
-3.755889
-3.765313
-3.774738
-3.784163
-3.793588
-3.803014
-3.812441
-3.821868
-3.831295
-3.840723
-3.850151
-3.859580
-3.869009
-3.878439
-3.887869
-3.897300
-3.906731
-3.916162
-3.925594
-3.935026
-3.944459
-3.953892
-3.963325
-3.972759
-3.982194
-3.991629
-4.001064
-4.010499
-4.019936
-4.029372
-4.038809
-4.048246
-4.057684
-4.067122
-4.076560
-4.085999
-4.095439
-4.104878
-4.114318
-4.123759
-4.133200
-4.142641
-4.152082
-4.161524
-4.170967
-4.180410
-4.189853
-4.199296
-4.208740
-4.218184
-4.227629
-4.237074
-4.246519
-4.255965
-4.265411
-4.274857
-4.284304
-4.293751
-4.303198
-4.312646
-4.322094
-4.331542
-4.340991
-4.350440
-4.359890
-4.369340
-4.378790
-4.388240
-4.397691
-4.407142
-4.416593
-4.426045
-4.435497
-4.444949
-4.454402
-4.463855
-4.473308
-4.482762
-4.492215
-4.501670
-4.511124
-4.520579
-4.530034
-4.539489
-4.548945
-4.558400
-4.567857
-4.577313
-4.586770
-4.596227
-4.605684
-4.615141
-4.624599
-4.634057
-4.643515
-4.652974
-4.662433
-4.671892
-4.681351
-4.690811
-4.700271
-4.709731
-4.719191
-4.728651
-4.738112
-4.747573
-4.757034
-4.766496
-4.775958
-4.785419
-4.794882
-4.804344
-4.813807
-4.823269
-4.832732
-4.842195
-4.851659
-4.861122
-4.870586
-4.880050
-4.889515
-4.898979
-4.908444
-4.917908
-4.927373
-4.936838
-4.946304
-4.955769
-4.965235
-4.974701
-4.984167
-4.993633
-5.003099
-5.012566
-5.022033
-5.031499
-5.040966
-5.050434
-5.059901
-5.069368
-5.078836
-5.088304
-5.097771
-5.107239
-5.116708
-5.126176
-5.135644
-5.145113
-5.154581
-5.164050
-5.173519
-5.182988
-5.192457
-5.201926
-5.211396
-5.220865
-5.230335
-5.239804
-5.249274
-5.258744
-5.268214
-5.277684
-5.287154
-5.296624
-5.306094
-5.315565
-5.325035
-5.334506
-5.343976
-5.353447
-5.362918
-5.372388
-5.381859
-5.391330
-5.400801
-5.410272
-5.419743
-5.429214
-5.438685
-5.448156
-5.457627
-5.467099
-5.476570
-5.486041
-5.495512
-5.504984
-5.514455
-5.523926
-5.533398
-5.542869
-5.552341
-5.561812
-5.571283
-5.580755
-5.590226
-5.599698
-5.609169
-5.618640
-5.628112
-5.637583
-5.647054
-5.656526
-5.665997
-5.675468
-5.684940
-5.694411
-5.703882
-5.713353
-5.722824
-5.732295
-5.741766
-5.751237
-5.760708
-5.770179
-5.779649
-5.789120
-5.798591
-5.808061
-5.817532
-5.827002
-5.836472
-5.845943
-5.855413
-5.864883
-5.874353
-5.883823
-5.893293
-5.902762
-5.912232
-5.921701
-5.931171
-5.940640
-5.950109
-5.959578
-5.969047
-5.978516
-5.987985
-5.997453
-6.006922
-6.016390
-6.025858
-6.035326
-6.044794
-6.054262
-6.063729
-6.073197
-6.082664
-6.092131
-6.101598
-6.111065
-6.120532
-6.129998
-6.139464
-6.148930
-6.158396
-6.167862
-6.177328
-6.186793
-6.196258
-6.205723
-6.215188
-6.224653
-6.234117
-6.243581
-6.253045
-6.262509
-6.271972
-6.281436
-6.290899
-6.300362
-6.309824
-6.319287
-6.328749
-6.338211
-6.347672
-6.357134
-6.366595
-6.376056
-6.385517
-6.394977
-6.404437
-6.413897
-6.423357
-6.432816
-6.442275
-6.451734
-6.461192
-6.470651
-6.480109
-6.489566
-6.499024
-6.508481
-6.517937
-6.527394
-6.536850
-6.546306
-6.555762
-6.565217
-6.574672
-6.584126
-6.593581
-6.603035
-6.612488
-6.621941
-6.631394
-6.640847
-6.650299
-6.659751
-6.669203
-6.678654
-6.688105
-6.697555
-6.707005
-6.716455
-6.725904
-6.735353
-6.744802
-6.754250
-6.763698
-6.773146
-6.782593
-6.792039
-6.801486
-6.810931
-6.820377
-6.829822
-6.839267
-6.848711
-6.858155
-6.867598
-6.877041
-6.886484
-6.895926
-6.905367
-6.914809
-6.924250
-6.933690
-6.943130
-6.952569
-6.962008
-6.971447
-6.980885
-6.990323
-6.999760
-7.009196
-7.018633
-7.028068
-7.037504
-7.046938
-7.056373
-7.065806
-7.075240
-7.084672
-7.094105
-7.103536
-7.112968
-7.122398
-7.131829
-7.141258
-7.150687
-7.160116
-7.169544
-7.178972
-7.188399
-7.197825
-7.207251
-7.216677
-7.226102
-7.235526
-7.244950
-7.254373
-7.263795
-7.273218
-7.282639
-7.292060
-7.301480
-7.310900
-7.320319
-7.329738
-7.339156
-7.348573
-7.357990
-7.367406
-7.376821
-7.386236
-7.395651
-7.405064
-7.414477
-7.423890
-7.433302
-7.442713
-7.452123
-7.461533
-7.470942
-7.480351
-7.489759
-7.499166
-7.508573
-7.517979
-7.527384
-7.536789
-7.546193
-7.555596
-7.564999
-7.574401
-7.583802
-7.593202
-7.602602
-7.612001
-7.621400
-7.630797
-7.640194
-7.649591
-7.658986
-7.668381
-7.677775
-7.687169
-7.696561
-7.705953
-7.715344
-7.724735
-7.734125
-7.743514
-7.752902
-7.762289
-7.771676
-7.781062
-7.790447
-7.799831
-7.809215
-7.818598
-7.827980
-7.837361
-7.846741
-7.856121
-7.865500
-7.874878
-7.884255
-7.893631
-7.903007
-7.912382
-7.921755
-7.931129
-7.940501
-7.949872
-7.959243
-7.968613
-7.977982
-7.987350
-7.996717
-8.006083
-8.015449
-8.024813
-8.034177
-8.043540
-8.052902
-8.062263
-8.071623
-8.080983
-8.090341
-8.099698
-8.109055
-8.118411
-8.127766
-8.137120
-8.146473
-8.155825
-8.165176
-8.174526
-8.183875
-8.193224
-8.202571
-8.211918
-8.221263
-8.230608
-8.239951
-8.249294
-8.258636
-8.267976
-8.277316
-8.286655
-8.295993
-8.305330
-8.314665
-8.324000
-8.333334
-8.342667
-8.351999
-8.361329
-8.370659
-8.379988
-8.389316
-8.398643
-8.407968
-8.417293
-8.426617
-8.435939
-8.445261
-8.454581
-8.463901
-8.473219
-8.482537
-8.491853
-8.501168
-8.510482
-8.519795
-8.529107
-8.538418
-8.547728
-8.557037
-8.566344
-8.575651
-8.584956
-8.594261
-8.603564
-8.612866
-8.622167
-8.631467
-8.640765
-8.650063
-8.659359
-8.668655
-8.677949
-8.687242
-8.696534
-8.705824
-8.715114
-8.724402
-8.733689
-8.742975
-8.752260
-8.761544
-8.770826
-8.780107
-8.789387
-8.798666
-8.807944
-8.817220
-8.826496
-8.835770
-8.845042
-8.854314
-8.863584
-8.872853
-8.882121
-8.891388
-8.900653
-8.909917
-8.919180
-8.928442
-8.937702
-8.946961
-8.956219
-8.965476
-8.974731
-8.983985
-8.993237
-9.002489
-9.011739
-9.020988
-9.030235
-9.039481
-9.048726
-9.057970
-9.067212
-9.076453
-9.085692
-9.094930
-9.104167
-9.113403
-9.122637
-9.131870
-9.141101
-9.150331
-9.159560
-9.168787
-9.178013
-9.187238
-9.196461
-9.205683
-9.214903
-9.224122
-9.233340
-9.242556
-9.251771
-9.260984
-9.270196
-9.279407
-9.288616
-9.297823
-9.307030
-9.316234
-9.325438
-9.334640
-9.343840
-9.353039
-9.362237
-9.371433
-9.380627
-9.389820
-9.399012
-9.408202
-9.417391
-9.426578
-9.435763
-9.444948
-9.454130
-9.463311
-9.472491
-9.481669
-9.490845
-9.500020
-9.509194
-9.518366
-9.527536
-9.536705
-9.545872
-9.555038
-9.564202
-9.573365
-9.582526
-9.591685
-9.600843
-9.610000
-9.619154
-9.628307
-9.637459
-9.646609
-9.655757
-9.664904
-9.674049
-9.683192
-9.692334
-9.701474
-9.710613
-9.719750
-9.728885
-9.738019
-9.747151
-9.756281
-9.765409
-9.774536
-9.783662
-9.792785
-9.801907
-9.811028
-9.820146
-9.829263
-9.838378
-9.847492
-9.856603
-9.865713
-9.874822
-9.883928
-9.893033
-9.902136
-9.911238
-9.920337
-9.929435
-9.938531
-9.947626
-9.956718
-9.965809
-9.974898
-9.983986
-9.993071
-10.002155
-10.011237
-10.020317
-10.029395
-10.038472
-10.047547
-10.056620
-10.065691
-10.074760
-10.083828
-10.092893
-10.101957
-10.111019
-10.120079
-10.129137
-10.138194
-10.147248
-10.156301
-10.165352
-10.174401
-10.183448
-10.192493
-10.201536
-10.210578
-10.219617
-10.228655
-10.237690
-10.246724
-10.255756
-10.264786
-10.273814
-10.282840
-10.291864
-10.300886
-10.309907
-10.318925
-10.327941
-10.336956
-10.345968
-10.354978
-10.363987
-10.372993
-10.381998
-10.391000
-10.400001
-10.408999
-10.417996
-10.426990
-10.435983
-10.444973
-10.453961
-10.462948
-10.471932
-10.480914
-10.489895
-10.498873
-10.507849
-10.516823
-10.525795
-10.534765
-10.543733
-10.552699
-10.561663
-10.570624
-10.579584
-10.588541
-10.597496
-10.606450
-10.615401
-10.624350
-10.633297
-10.642241
-10.651184
-10.660124
-10.669063
-10.677999
-10.686933
-10.695865
-10.704794
-10.713722
-10.722647
-10.731570
-10.740491
-10.749410
-10.758327
-10.767241
-10.776153
-10.785063
-10.793971
-10.802876
-10.811780
-10.820681
-10.829580
-10.838476
-10.847371
-10.856263
-10.865152
-10.874040
-10.882925
-10.891808
-10.900689
-10.909568
-10.918444
-10.927318
-10.936189
-10.945059
-10.953926
-10.962790
-10.971653
-10.980513
-10.989370
-10.998226
-11.007079
-11.015930
-11.024778
-11.033624
-11.042467
-11.051309
-11.060148
-11.068984
-11.077818
-11.086650
-11.095479
-11.104306
-11.113131
-11.121953
-11.130773
-11.139590
-11.148405
-11.157218
-11.166028
-11.174835
-11.183640
-11.192443
-11.201243
-11.210041
-11.218837
-11.227630
-11.236420
-11.245208
-11.253993
-11.262776
-11.271557
-11.280335
-11.289110
-11.297883
-11.306654
-11.315421
-11.324187
-11.332950
-11.341710
-11.350468
-11.359223
-11.367976
-11.376726
-11.385473
-11.394218
-11.402961
-11.411700
-11.420438
-11.429172
-11.437904
-11.446634
-11.455361
-11.464085
-11.472806
-11.481525
-11.490242
-11.498955
-11.507666
-11.516375
-11.525081
-11.533784
-11.542484
-11.551182
-11.559877
-11.568570
-11.577259
-11.585946
-11.594631
-11.603313
-11.611991
-11.620668
-11.629341
-11.638012
-11.646680
-11.655346
-11.664008
-11.672668
-11.681325
-11.689980
-11.698631
-11.707280
-11.715926
-11.724570
-11.733210
-11.741848
-11.750483
-11.759115
-11.767744
-11.776371
-11.784995
-11.793616
-11.802234
-11.810849
-11.819461
-11.828071
-11.836678
-11.845281
-11.853882
-11.862481
-11.871076
-11.879668
-11.888258
-11.896844
-11.905428
-11.914009
-11.922587
-11.931162
-11.939734
-11.948303
-11.956870
-11.965433
-11.973993
-11.982551
-11.991105
-11.999657
-12.008206
-12.016751
-12.025294
-12.033834
-12.042370
-12.050904
-12.059435
-12.067963
-12.076487
-12.085009
-12.093528
-12.102043
-12.110556
-12.119066
-12.127572
-12.136076
-12.144576
-12.153074
-12.161568
-12.170059
-12.178548
-12.187033
-12.195515
-12.203994
-12.212470
-12.220943
-12.229412
-12.237879
-12.246342
-12.254803
-12.263260
-12.271714
-12.280165
-12.288613
-12.297057
-12.305499
-12.313937
-12.322372
-12.330804
-12.339233
-12.347658
-12.356081
-12.364500
-12.372916
-12.381329
-12.389738
-12.398144
-12.406548
-12.414947
-12.423344
-12.431737
-12.440128
-12.448514
-12.456898
-12.465278
-12.473655
-12.482029
-12.490400
-12.498767
-12.507131
-12.515491
-12.523849
-12.532203
-12.540553
-12.548901
-12.557245
-12.565585
-12.573923
-12.582257
-12.590587
-12.598915
-12.607238
-12.615559
-12.623876
-12.632190
-12.640500
-12.648807
-12.657111
-12.665411
-12.673707
-12.682001
-12.690290
-12.698577
-12.706860
-12.715139
-12.723416
-12.731688
-12.739957
-12.748223
-12.756485
-12.764744
-12.772999
-12.781251
-12.789499
-12.797744
-12.805985
-12.814223
-12.822457
-12.830688
-12.838915
-12.847138
-12.855358
-12.863575
-12.871788
-12.879997
-12.888203
-12.896405
-12.904604
-12.912799
-12.920990
-12.929178
-12.937362
-12.945543
-12.953720
-12.961893
-12.970063
-12.978229
-12.986391
-12.994550
-13.002705
-13.010857
-13.019005
-13.027149
-13.035289
-13.043426
-13.051559
-13.059688
-13.067814
-13.075936
-13.084054
-13.092169
-13.100279
-13.108387
-13.116490
-13.124589
-13.132685
-13.140777
-13.148865
-13.156950
-13.165031
-13.173107
-13.181181
-13.189250
-13.197315
-13.205377
-13.213435
-13.221489
-13.229539
-13.237586
-13.245628
-13.253667
-13.261702
-13.269733
-13.277760
-13.285783
-13.293803
-13.301818
-13.309830
-13.317837
-13.325841
-13.333841
-13.341837
-13.349829
-13.357817
-13.365801
-13.373781
-13.381758
-13.389730
-13.397698
-13.405663
-13.413623
-13.421580
-13.429532
-13.437481
-13.445425
-13.453365
-13.461302
-13.469234
-13.477163
-13.485087
-13.493007
-13.500924
-13.508836
-13.516744
-13.524648
-13.532548
-13.540444
-13.548336
-13.556224
-13.564108
-13.571987
-13.579863
-13.587734
-13.595602
-13.603465
-13.611324
-13.619179
-13.627029
-13.634876
-13.642718
-13.650557
-13.658391
-13.666221
-13.674046
-13.681868
-13.689685
-13.697498
-13.705307
-13.713112
-13.720912
-13.728709
-13.736501
-13.744288
-13.752072
-13.759851
-13.767626
-13.775397
-13.783163
-13.790926
-13.798683
-13.806437
-13.814186
-13.821931
-13.829672
-13.837408
-13.845140
-13.852868
-13.860591
-13.868310
-13.876025
-13.883735
-13.891441
-13.899143
-13.906840
-13.914533
-13.922221
-13.929905
-13.937585
-13.945260
-13.952931
-13.960597
-13.968259
-13.975917
-13.983570
-13.991218
-13.998862
-14.006502
-14.014137
-14.021768
-14.029394
-14.037016
-14.044633
-14.052246
-14.059854
-14.067458
-14.075057
-14.082651
-14.090242
-14.097827
-14.105408
-14.112985
-14.120556
-14.128124
-14.135686
-14.143245
-14.150798
-14.158347
-14.165892
-14.173431
-14.180966
-14.188497
-14.196023
-14.203544
-14.211061
-14.218573
-14.226080
-14.233582
-14.241080
-14.248574
-14.256062
-14.263546
-14.271025
-14.278500
-14.285970
-14.293435
-14.300895
-14.308351
-14.315801
-14.323247
-14.330689
-14.338125
-14.345557
-14.352984
-14.360407
-14.367824
-14.375237
-14.382645
-14.390048
-14.397446
-14.404839
-14.412228
-14.419612
-14.426991
-14.434365
-14.441734
-14.449099
-14.456458
-14.463813
-14.471162
-14.478507
-14.485847
-14.493182
-14.500513
-14.507838
-14.515158
-14.522473
-14.529784
-14.537089
-14.544390
-14.551686
-14.558976
-14.566262
-14.573543
-14.580818
-14.588089
-14.595355
-14.602615
-14.609871
-14.617122
-14.624367
-14.631608
-14.638844
-14.646074
-14.653299
-14.660520
-14.667735
-14.674945
-14.682151
-14.689351
-14.696546
-14.703736
-14.710920
-14.718100
-14.725274
-14.732444
-14.739608
-14.746767
-14.753921
-14.761070
-14.768214
-14.775352
-14.782485
-14.789613
-14.796736
-14.803854
-14.810966
-14.818074
-14.825176
-14.832272
-14.839364
-14.846450
-14.853531
-14.860607
-14.867678
-14.874743
-14.881803
-14.888858
-14.895907
-14.902951
-14.909990
-14.917024
-14.924052
-14.931075
-14.938092
-14.945104
-14.952111
-14.959112
-14.966109
-14.973099
-14.980085
-14.987064
-14.994039
-15.001008
-15.007972
-15.014930
-15.021883
-15.028831
-15.035773
-15.042709
-15.049640
-15.056566
-15.063486
-15.070401
-15.077310
-15.084214
-15.091112
-15.098005
-15.104892
-15.111774
-15.118650
-15.125521
-15.132386
-15.139246
-15.146100
-15.152948
-15.159791
-15.166629
-15.173460
-15.180287
-15.187107
-15.193922
-15.200732
-15.207535
-15.214333
-15.221126
-15.227913
-15.234694
-15.241470
-15.248240
-15.255004
-15.261762
-15.268515
-15.275262
-15.282004
-15.288740
-15.295470
-15.302194
-15.308913
-15.315626
-15.322333
-15.329034
-15.335730
-15.342420
-15.349104
-15.355782
-15.362455
-15.369121
-15.375782
-15.382438
-15.389087
-15.395730
-15.402368
-15.409000
-15.415626
-15.422246
-15.428860
-15.435469
-15.442071
-15.448668
-15.455259
-15.461844
-15.468423
-15.474996
-15.481563
-15.488124
-15.494679
-15.501229
-15.507772
-15.514309
-15.520841
-15.527366
-15.533886
-15.540399
-15.546907
-15.553408
-15.559904
-15.566393
-15.572877
-15.579354
-15.585826
-15.592291
-15.598750
-15.605204
-15.611651
-15.618092
-15.624527
-15.630956
-15.637379
-15.643796
-15.650206
-15.656611
-15.663009
-15.669401
-15.675787
-15.682167
-15.688541
-15.694909
-15.701270
-15.707625
-15.713974
-15.720317
-15.726654
-15.732984
-15.739309
-15.745627
-15.751938
-15.758244
-15.764543
-15.770836
-15.777123
-15.783403
-15.789677
-15.795945
-15.802207
-15.808462
-15.814711
-15.820954
-15.827190
-15.833420
-15.839644
-15.845861
-15.852072
-15.858277
-15.864475
-15.870667
-15.876852
-15.883031
-15.889204
-15.895370
-15.901530
-15.907683
-15.913830
-15.919971
-15.926105
-15.932233
-15.938354
-15.944468
-15.950577
-15.956678
-15.962774
-15.968862
-15.974944
-15.981020
-15.987089
-15.993152
-15.999208
-16.005257
-16.011300
-16.017337
-16.023367
-16.029390
-16.035407
-16.041417
-16.047420
-16.053417
-16.059407
-16.065391
-16.071368
-16.077338
-16.083302
-16.089259
-16.095209
-16.101153
-16.107090
-16.113020
-16.118943
-16.124860
-16.130770
-16.136674
-16.142571
-16.148460
-16.154344
-16.160220
-16.166090
-16.171953
-16.177809
-16.183658
-16.189501
-16.195337
-16.201166
-16.206988
-16.212803
-16.218612
-16.224413
-16.230208
-16.235996
-16.241777
-16.247551
-16.253319
-16.259079
-16.264833
-16.270579
-16.276319
-16.282052
-16.287778
-16.293497
-16.299209
-16.304914
-16.310612
-16.316303
-16.321987
-16.327664
-16.333334
-16.338997
-16.344654
-16.350303
-16.355945
-16.361580
-16.367208
-16.372829
-16.378443
-16.384050
-16.389650
-16.395242
-16.400828
-16.406407
-16.411978
-16.417542
-16.423099
-16.428650
-16.434192
-16.439728
-16.445257
-16.450778
-16.456293
-16.461800
-16.467300
-16.472793
-16.478278
-16.483756
-16.489228
-16.494691
-16.500148
-16.505598
-16.511040
-16.516475
-16.521902
-16.527323
-16.532736
-16.538142
-16.543540
-16.548931
-16.554315
-16.559692
-16.565061
-16.570423
-16.575777
-16.581125
-16.586464
-16.591797
-16.597122
-16.602440
-16.607750
-16.613053
-16.618348
-16.623636
-16.628917
-16.634190
-16.639456
-16.644714
-16.649965
-16.655208
-16.660444
-16.665672
-16.670893
-16.676107
-16.681313
-16.686511
-16.691702
-16.696885
-16.702061
-16.707229
-16.712390
-16.717543
-16.722688
-16.727826
-16.732956
-16.738079
-16.743194
-16.748302
-16.753401
-16.758494
-16.763578
-16.768655
-16.773724
-16.778786
-16.783840
-16.788886
-16.793924
-16.798955
-16.803978
-16.808994
-16.814001
-16.819001
-16.823993
-16.828978
-16.833954
-16.838923
-16.843884
-16.848838
-16.853783
-16.858721
-16.863651
-16.868573
-16.873487
-16.878394
-16.883292
-16.888183
-16.893066
-16.897941
-16.902808
-16.907667
-16.912519
-16.917362
-16.922197
-16.927025
-16.931845
-16.936656
-16.941460
-16.946256
-16.951044
-16.955824
-16.960596
-16.965360
-16.970116
-16.974863
-16.979603
-16.984335
-16.989059
-16.993775
-16.998483
-17.003182
-17.007874
-17.012558
-17.017233
-17.021900
-17.026560
-17.031211
-17.035854
-17.040489
-17.045116
-17.049734
-17.054345
-17.058947
-17.063541
-17.068127
-17.072705
-17.077275
-17.081836
-17.086390
-17.090935
-17.095471
-17.100000
-17.104520
-17.109032
-17.113536
-17.118031
-17.122519
-17.126998
-17.131468
-17.135931
-17.140385
-17.144830
-17.149268
-17.153697
-17.158117
-17.162530
-17.166934
-17.171329
-17.175716
-17.180095
-17.184466
-17.188828
-17.193181
-17.197526
-17.201863
-17.206191
-17.210511
-17.214823
-17.219126
-17.223420
-17.227706
-17.231983
-17.236252
-17.240513
-17.244765
-17.249008
-17.253243
-17.257469
-17.261687
-17.265896
-17.270096
-17.274288
-17.278472
-17.282647
-17.286813
-17.290970
-17.295119
-17.299260
-17.303391
-17.307514
-17.311629
-17.315734
-17.319831
-17.323920
-17.327999
-17.332070
-17.336132
-17.340186
-17.344230
-17.348266
-17.352294
-17.356312
-17.360322
-17.364323
-17.368315
-17.372298
-17.376273
-17.380238
-17.384195
-17.388143
-17.392083
-17.396013
-17.399935
-17.403847
-17.407751
-17.411646
-17.415532
-17.419409
-17.423277
-17.427137
-17.430987
-17.434828
-17.438661
-17.442484
-17.446299
-17.450105
-17.453901
-17.457689
-17.461467
-17.465237
-17.468998
-17.472749
-17.476492
-17.480225
-17.483950
-17.487665
-17.491371
-17.495069
-17.498757
-17.502436
-17.506106
-17.509766
-17.513418
-17.517061
-17.520694
-17.524318
-17.527933
-17.531539
-17.535136
-17.538724
-17.542302
-17.545871
-17.549431
-17.552982
-17.556523
-17.560056
-17.563579
-17.567092
-17.570597
-17.574092
-17.577578
-17.581054
-17.584522
-17.587980
-17.591428
-17.594868
-17.598298
-17.601718
-17.605130
-17.608531
-17.611924
-17.615307
-17.618681
-17.622045
-17.625400
-17.628746
-17.632082
-17.635408
-17.638725
-17.642033
-17.645331
-17.648620
-17.651899
-17.655169
-17.658429
-17.661680
-17.664921
-17.668153
-17.671375
-17.674588
-17.677791
-17.680984
-17.684168
-17.687342
-17.690507
-17.693662
-17.696808
-17.699943
-17.703070
-17.706186
-17.709293
-17.712390
-17.715478
-17.718556
-17.721624
-17.724682
-17.727731
-17.730770
-17.733800
-17.736819
-17.739829
-17.742829
-17.745820
-17.748800
-17.751771
-17.754732
-17.757683
-17.760624
-17.763556
-17.766478
-17.769390
-17.772292
-17.775184
-17.778066
-17.780939
-17.783801
-17.786654
-17.789496
-17.792329
-17.795152
-17.797965
-17.800768
-17.803561
-17.806344
-17.809118
-17.811881
-17.814634
-17.817377
-17.820110
-17.822834
-17.825547
-17.828250
-17.830943
-17.833626
-17.836299
-17.838962
-17.841614
-17.844257
-17.846890
-17.849512
-17.852125
-17.854727
-17.857319
-17.859901
-17.862473
-17.865034
-17.867586
-17.870127
-17.872658
-17.875179
-17.877689
-17.880190
-17.882680
-17.885160
-17.887630
-17.890089
-17.892538
-17.894977
-17.897406
-17.899824
-17.902232
-17.904630
-17.907017
-17.909394
-17.911760
-17.914117
-17.916463
-17.918798
-17.921123
-17.923438
-17.925742
-17.928036
-17.930320
-17.932593
-17.934856
-17.937108
-17.939349
-17.941581
-17.943801
-17.946012
-17.948212
-17.950401
-17.952580
-17.954748
-17.956905
-17.959053
-17.961189
-17.963315
-17.965430
-17.967535
-17.969630
-17.971713
-17.973786
-17.975849
-17.977900
-17.979941
-17.981972
-17.983992
-17.986001
-17.987999
-17.989987
-17.991964
-17.993930
-17.995886
-17.997831
-17.999765
-18.001688
-18.003601
-18.005503
-18.007394
-18.009274
-18.011143
-18.013002
-18.014850
-18.016687
-18.018513
-18.020328
-18.022133
-18.023926
-18.025709
-18.027481
-18.029242
-18.030992
-18.032731
-18.034459
-18.036176
-18.037883
-18.039578
-18.041262
-18.042936
-18.044598
-18.046250
-18.047890
-18.049519
-18.051138
-18.052745
-18.054342
-18.055927
-18.057501
-18.059064
-18.060616
-18.062157
-18.063687
-18.065205
-18.066713
-18.068210
-18.069695
-18.071169
-18.072632
-18.074084
-18.075524
-18.076954
-18.078372
-18.079779
-18.081175
-18.082560
-18.083933
-18.085295
-18.086646
-18.087985
-18.089314
-18.090631
-18.091936
-18.093231
-18.094514
-18.095786
-18.097046
-18.098295
-18.099533
-18.100759
-18.101974
-18.103177
-18.104369
-18.105550
-18.106720
-18.107877
-18.109024
-18.110159
-18.111282
-18.112394
-18.113495
-18.114584
-18.115662
-18.116728
-18.117782
-18.118825
-18.119857
-18.120877
-18.121885
-18.122882
-18.123867
-18.124841
-18.125803
-18.126753
-18.127692
-18.128619
-18.129535
-18.130438
-18.131331
-18.132211
-18.133080
-18.133937
-18.134783
-18.135617
-18.136439
-18.137249
-18.138047
-18.138834
-18.139609
-18.140373
-18.141124
-18.141864
-18.142592
-18.143308
-18.144012
-18.144705
-18.145385
-18.146054
-18.146711
-18.147356
-18.147989
-18.148610
-18.149220
-18.149817
-18.150402
-18.150976
-18.151538
-18.152087
-18.152625
-18.153151
-18.153665
-18.154166
-18.154656
-18.155134
-18.155599
-18.156053
-18.156495
-18.156924
-18.157342
-18.157747
-18.158141
-18.158522
-18.158891
-18.159248
-18.159593
-18.159926
-18.160246
-18.160555
-18.160851
-18.161135
-18.161407
-18.161667
-18.161914
-18.162149
-18.162372
-18.162583
-18.162782
-18.162968
-18.163142
-18.163304
-18.163453
-18.163590
-18.163715
-18.163828
-18.163928
-18.164016
-18.164091
-18.164154
-18.164205
-18.164243
-18.164269
-18.164283
-18.164284
-18.164273
-18.164249
-18.164213
-18.164164
-18.164103
-18.164030
-18.163944
-18.163845
-18.163734
-18.163610
-18.163474
-18.163326
-18.163164
-18.162991
-18.162804
-18.162605
-18.162394
-18.162170
-18.161933
-18.161683
-18.161421
-18.161147
-18.160860
-18.160560
-18.160247
-18.159922
-18.159584
-18.159233
-18.158869
-18.158493
-18.158104
-18.157703
-18.157288
-18.156861
-18.156421
-18.155968
-18.155503
-18.155024
-18.154533
-18.154029
-18.153512
-18.152982
-18.152440
-18.151884
-18.151316
-18.150734
-18.150140
-18.149533
-18.148913
-18.148280
-18.147634
-18.146975
-18.146304
-18.145619
-18.144921
-18.144210
-18.143486
-18.142749
-18.141999
-18.141237
-18.140461
-18.139671
-18.138869
-18.138054
-18.137226
-18.136384
-18.135530
-18.134662
-18.133781
-18.132887
-18.131980
-18.131060
-18.130126
-18.129180
-18.128220
-18.127247
-18.126260
-18.125261
-18.124248
-18.123222
-18.122183
-18.121130
-18.120064
-18.118985
-18.117892
-18.116786
-18.115667
-18.114535
-18.113389
-18.112230
-18.111057
-18.109871
-18.108672
-18.107459
-18.106233
-18.104993
-18.103740
-18.102473
-18.101193
-18.099900
-18.098593
-18.097272
-18.095938
-18.094591
-18.093230
-18.091855
-18.090467
-18.089066
-18.087650
-18.086222
-18.084779
-18.083323
-18.081854
-18.080370
-18.078874
-18.077363
-18.075839
-18.074301
-18.072750
-18.071184
-18.069606
-18.068013
-18.066407
-18.064787
-18.063153
-18.061505
-18.059844
-18.058169
-18.056480
-18.054777
-18.053061
-18.051331
-18.049586
-18.047828
-18.046057
-18.044271
-18.042471
-18.040658
-18.038831
-18.036989
-18.035134
-18.033265
-18.031382
-18.029485
-18.027574
-18.025649
-18.023711
-18.021758
-18.019791
-18.017810
-18.015815
-18.013806
-18.011783
-18.009746
-18.007695
-18.005630
-18.003550
-18.001457
-17.999349
-17.997228
-17.995092
-17.992942
-17.990778
-17.988600
-17.986407
-17.984201
-17.981980
-17.979745
-17.977495
-17.975232
-17.972954
-17.970662
-17.968356
-17.966035
-17.963700
-17.961351
-17.958988
-17.956610
-17.954218
-17.951812
-17.949391
-17.946955
-17.944506
-17.942042
-17.939564
-17.937071
-17.934564
-17.932042
-17.929506
-17.926955
-17.924390
-17.921811
-17.919217
-17.916608
-17.913985
-17.911348
-17.908696
-17.906029
-17.903348
-17.900652
-17.897942
-17.895217
-17.892478
-17.889724
-17.886955
-17.884172
-17.881374
-17.878561
-17.875734
-17.872892
-17.870035
-17.867164
-17.864277
-17.861377
-17.858461
-17.855531
-17.852586
-17.849626
-17.846651
-17.843662
-17.840657
-17.837638
-17.834605
-17.831556
-17.828492
-17.825414
-17.822321
-17.819212
-17.816089
-17.812951
-17.809798
-17.806631
-17.803448
-17.800250
-17.797038
-17.793810
-17.790567
-17.787310
-17.784037
-17.780749
-17.777447
-17.774129
-17.770796
-17.767448
-17.764086
-17.760708
-17.757315
-17.753906
-17.750483
-17.747045
-17.743591
-17.740122
-17.736638
-17.733139
-17.729625
-17.726096
-17.722551
-17.718991
-17.715416
-17.711826
-17.708220
-17.704599
-17.700963
-17.697311
-17.693645
-17.689962
-17.686265
-17.682552
-17.678824
-17.675081
-17.671322
-17.667548
-17.663758
-17.659953
-17.656133
-17.652297
-17.648446
-17.644579
-17.640697
-17.636799
-17.632886
-17.628957
-17.625013
-17.621053
-17.617078
-17.613087
-17.609081
-17.605059
-17.601022
-17.596969
-17.592900
-17.588816
-17.584716
-17.580600
-17.576469
-17.572322
-17.568160
-17.563982
-17.559788
-17.555578
-17.551353
-17.547112
-17.542855
-17.538583
-17.534294
-17.529990
-17.525671
-17.521335
-17.516984
-17.512616
-17.508233
-17.503834
-17.499419
-17.494989
-17.490542
-17.486080
-17.481602
-17.477107
-17.472597
-17.468071
-17.463529
-17.458971
-17.454397
-17.449807
-17.445201
-17.440579
-17.435941
-17.431287
-17.426617
-17.421931
-17.417229
-17.412511
-17.407777
-17.403026
-17.398260
-17.393477
-17.388678
-17.383863
-17.379032
-17.374185
-17.369321
-17.364442
-17.359546
-17.354634
-17.349706
-17.344761
-17.339800
-17.334823
-17.329830
-17.324820
-17.319794
-17.314752
-17.309694
-17.304619
-17.299528
-17.294420
-17.289296
-17.284156
-17.278999
-17.273826
-17.268636
-17.263430
-17.258208
-17.252969
-17.247714
-17.242442
-17.237154
-17.231849
-17.226528
-17.221190
-17.215835
-17.210465
-17.205077
-17.199673
-17.194252
-17.188815
-17.183361
-17.177891
-17.172404
-17.166900
-17.161380
-17.155843
-17.150289
-17.144719
-17.139132
-17.133528
-17.127907
-17.122270
-17.116616
-17.110945
-17.105258
-17.099553
-17.093832
-17.088094
-17.082340
-17.076568
-17.070779
-17.064974
-17.059152
-17.053313
-17.047457
-17.041584
-17.035694
-17.029788
-17.023864
-17.017924
-17.011966
-17.005992
-17.000000
