6.000000
6.001613
6.003224
6.004833
6.006441
6.008047
6.009652
6.011254
6.012855
6.014455
6.016052
6.017648
6.019243
6.020835
6.022426
6.024015
6.025603
6.027188
6.028772
6.030355
6.031935
6.033514
6.035092
6.036667
6.038241
6.039814
6.041384
6.042953
6.044520
6.046085
6.047649
6.049211
6.050772
6.052330
6.053887
6.055443
6.056996
6.058548
6.060098
6.061647
6.063194
6.064739
6.066282
6.067824
6.069364
6.070902
6.072439
6.073974
6.075507
6.077039
6.078569
6.080097
6.081623
6.083148
6.084671
6.086193
6.087712
6.089230
6.090747
6.092261
6.093774
6.095286
6.096795
6.098303
6.099809
6.101314
6.102817
6.104318
6.105817
6.107315
6.108811
6.110305
6.111798
6.113289
6.114778
6.116265
6.117751
6.119235
6.120718
6.122198
6.123678
6.125155
6.126631
6.128105
6.129577
6.131047
6.132516
6.133984
6.135449
6.136913
6.138375
6.139835
6.141294
6.142751
6.144206
6.145660
6.147112
6.148562
6.150011
6.151458
6.152903
6.154346
6.155788
6.157228
6.158667
6.160103
6.161538
6.162971
6.164403
6.165833
6.167261
6.168688
6.170113
6.171536
6.172957
6.174377
6.175795
6.177211
6.178626
6.180039
6.181450
6.182859
6.184267
6.185673
6.187078
6.188481
6.189882
6.191281
6.192679
6.194075
6.195469
6.196862
6.198253
6.199642
6.201029
6.202415
6.203799
6.205181
6.206562
6.207941
6.209318
6.210694
6.212068
6.213440
6.214811
6.216180
6.217547
6.218912
6.220276
6.221638
6.222998
6.224357
6.225714
6.227069
6.228422
6.229774
6.231124
6.232473
6.233820
6.235165
6.236508
6.237850
6.239190
6.240528
6.241864
6.243199
6.244532
6.245864
6.247194
6.248522
6.249848
6.251173
6.252496
6.253817
6.255136
6.256454
6.257770
6.259085
6.260398
6.261709
6.263018
6.264326
6.265632
6.266936
6.268238
6.269539
6.270838
6.272136
6.273432
6.274726
6.276018
6.277309
6.278598
6.279885
6.281170
6.282454
6.283736
6.285017
6.286296
6.287573
6.288848
6.290122
6.291393
6.292664
6.293932
6.295199
6.296464
6.297728
6.298989
6.300249
6.301508
6.302764
6.304019
6.305272
6.306524
6.307774
6.309022
6.310268
6.311513
6.312756
6.313997
6.315237
6.316475
6.317711
6.318945
6.320178
6.321409
6.322638
6.323866
6.325092
6.326316
6.327539
6.328760
6.329979
6.331196
6.332412
6.333626
6.334838
6.336049
6.337258
6.338465
6.339671
6.340874
6.342076
6.343277
6.344476
6.345672
6.346868
6.348061
6.349253
6.350443
6.351632
6.352819
6.354004
6.355187
6.356368
6.357548
6.358727
6.359903
6.361078
6.362251
6.363422
6.364592
6.365760
6.366926
6.368091
6.369254
6.370415
6.371574
6.372732
6.373888
6.375042
6.376195
6.377346
6.378495
6.379642
6.380788
6.381932
6.383075
6.384215
6.385354
6.386491
6.387627
6.388761
6.389893
6.391023
6.392152
6.393279
6.394404
6.395528
6.396649
6.397769
6.398888
6.400005
6.401120
6.402233
6.403344
6.404454
6.405562
6.406669
6.407774
6.408877
6.409978
6.411078
6.412175
6.413272
6.414366
6.415459
6.416550
6.417639
6.418727
6.419813
6.420897
6.421979
6.423060
6.424139
6.425217
6.426292
6.427366
6.428438
6.429509
6.430578
6.431645
6.432710
6.433774
6.434836
6.435896
6.436954
6.438011
6.439066
6.440119
6.441171
6.442221
6.443269
6.444316
6.445360
6.446404
6.447445
6.448485
6.449522
6.450559
6.451593
6.452626
6.453657
6.454686
6.455714
6.456740
6.457764
6.458787
6.459807
6.460826
6.461844
6.462859
6.463873
6.464885
6.465896
6.466905
6.467912
6.468917
6.469920
6.470922
6.471923
6.472921
6.473918
6.474913
6.475906
6.476898
6.477887
6.478876
6.479862
6.480847
6.481830
6.482811
6.483790
6.484768
6.485744
6.486719
6.487691
6.488662
6.489631
6.490599
6.491565
6.492529
6.493491
6.494452
6.495411
6.496368
6.497323
6.498277
6.499229
6.500179
6.501128
6.502075
6.503020
6.503963
6.504905
6.505845
6.506783
6.507720
6.508654
6.509588
6.510519
6.511448
6.512376
6.513303
6.514227
6.515150
6.516071
6.516990
6.517908
6.518823
6.519738
6.520650
6.521561
6.522470
6.523377
6.524282
6.525186
6.526088
6.526988
6.527887
6.528784
6.529679
6.530572
6.531464
6.532354
6.533242
6.534129
6.535014
6.535897
6.536778
6.537658
6.538535
6.539412
6.540286
6.541159
6.542030
6.542899
6.543766
6.544632
6.545496
6.546359
6.547219
6.548078
6.548935
6.549791
6.550644
6.551496
6.552347
6.553195
6.554042
6.554887
6.555730
6.556572
6.557412
6.558250
6.559086
6.559921
6.560754
6.561585
6.562414
6.563242
6.564068
6.564893
6.565715
6.566536
6.567355
6.568172
6.568988
6.569802
6.570614
6.571424
6.572233
6.573040
6.573845
6.574649
6.575451
6.576251
6.577049
6.577846
6.578640
6.579434
6.580225
6.581015
6.581802
6.582589
6.583373
6.584156
6.584937
6.585716
6.586493
6.587269
6.588043
6.588815
6.589586
6.590355
6.591122
6.591887
6.592651
6.593413
6.594173
6.594931
6.595688
6.596443
6.597196
6.597948
6.598697
6.599445
6.600192
6.600936
6.601679
6.602420
6.603159
6.603897
6.604633
6.605367
6.606099
6.606830
6.607558
6.608286
6.609011
6.609735
6.610456
6.611177
6.611895
6.612612
6.613327
6.614040
6.614751
6.615461
6.616169
6.616875
6.617580
6.618283
6.618984
6.619683
6.620381
6.621076
6.621770
6.622463
6.623153
6.623842
6.624529
6.625215
6.625898
6.626580
6.627260
6.627939
6.628615
6.629290
6.629963
6.630635
6.631304
6.631972
6.632638
6.633303
6.633965
6.634626
6.635286
6.635943
6.636599
6.637253
6.637905
6.638555
6.639204
6.639851
6.640496
6.641140
6.641782
6.642422
6.643060
6.643696
6.644331
6.644964
6.645595
6.646225
6.646853
6.647479
6.648103
6.648725
6.649346
6.649965
6.650582
6.651198
6.651812
6.652424
6.653034
6.653643
6.654249
6.654854
6.655458
6.656059
6.656659
6.657257
6.657853
6.658448
6.659041
6.659632
6.660221
6.660808
6.661394
6.661978
6.662561
6.663141
6.663720
6.664297
6.664872
6.665446
6.666017
6.666587
6.667156
6.667722
6.668287
6.668850
6.669411
6.669971
6.670528
6.671084
6.671639
6.672191
6.672742
6.673291
6.673838
6.674383
6.674927
6.675469
6.676009
6.676548
6.677084
6.677619
6.678152
6.678684
6.679213
6.679741
6.680268
6.680792
6.681315
6.681835
6.682355
6.682872
6.683387
6.683901
6.684413
6.684924
6.685432
6.685939
6.686444
6.686947
6.687449
6.687949
6.688447
6.688943
6.689437
6.689930
6.690421
6.690910
6.691398
6.691884
6.692368
6.692850
6.693330
6.693809
6.694286
6.694761
6.695234
6.695706
6.696176
6.696644
6.697110
6.697575
6.698037
6.698498
6.698958
6.699415
6.699871
6.700325
6.700777
6.701228
6.701676
6.702123
6.702568
6.703012
6.703453
6.703893
6.704331
6.704768
6.705202
6.705635
6.706066
6.706495
6.706923
6.707349
6.707773
6.708195
6.708615
6.709034
6.709451
6.709866
6.710279
6.710691
6.711101
6.711509
6.711915
6.712320
6.712723
6.713124
6.713523
6.713920
6.714316
6.714710
6.715102
6.715492
6.715881
6.716268
6.716653
6.717036
6.717418
6.717798
6.718176
6.718552
6.718926
6.719299
6.719670
6.720039
6.720406
6.720772
6.721136
6.721498
6.721858
6.722217
6.722573
6.722928
6.723282
6.723633
6.723983
6.724331
6.724677
6.725021
6.725364
6.725704
6.726043
6.726381
6.726716
6.727050
6.727382
6.727712
6.728040
6.728367
6.728692
6.729015
6.729336
6.729655
6.729973
6.730289
6.730603
6.730916
6.731226
6.731535
6.731842
6.732147
6.732451
6.732752
6.733052
6.733351
6.733647
6.733942
6.734234
6.734525
6.734815
6.735102
6.735388
6.735672
6.735954
6.736234
6.736513
6.736790
6.737065
6.737338
6.737609
6.737879
6.738147
6.738413
6.738677
6.738940
6.739201
6.739460
6.739717
6.739972
6.740226
6.740478
6.740728
6.740976
6.741223
6.741468
6.741710
6.741952
6.742191
6.742429
6.742664
6.742898
6.743131
6.743361
6.743590
6.743817
6.744042
6.744265
6.744487
6.744706
6.744924
6.745141
6.745355
6.745568
6.745778
6.745987
6.746195
6.746400
6.746604
6.746806
6.747006
6.747204
6.747401
6.747595
6.747788
6.747979
6.748169
6.748356
6.748542
6.748726
6.748908
6.749089
6.749267
6.749444
6.749619
6.749792
6.749964
6.750134
6.750302
6.750468
6.750632
6.750794
6.750955
6.751114
6.751271
6.751427
6.751580
6.751732
6.751882
6.752030
6.752176
6.752321
6.752464
6.752605
6.752744
6.752881
6.753017
6.753151
6.753283
6.753413
6.753541
6.753668
6.753793
6.753916
6.754037
6.754157
6.754274
6.754390
6.754504
6.754617
6.754727
6.754836
6.754943
6.755048
6.755151
6.755253
6.755352
6.755450
6.755546
6.755641
6.755733
6.755824
6.755913
6.756000
6.756085
6.756169
6.756250
6.756330
6.756408
6.756485
6.756559
6.756632
6.756703
6.756772
6.756839
6.756905
6.756968
6.757030
6.757090
6.757149
6.757205
6.757260
6.757313
6.757364
6.757413
6.757461
6.757506
6.757550
6.757592
6.757633
6.757671
6.757708
6.757743
6.757776
6.757807
6.757836
6.757864
6.757890
6.757914
6.757936
6.757957
6.757975
6.757992
6.758007
6.758020
6.758032
6.758041
6.758049
6.758055
6.758059
6.758061
6.758062
6.758061
6.758058
6.758053
6.758046
6.758038
6.758027
6.758015
6.758001
6.757986
6.757968
6.757949
6.757927
6.757905
6.757880
6.757853
6.757825
6.757795
6.757763
6.757729
6.757693
6.757656
6.757616
6.757575
6.757532
6.757488
6.757441
6.757393
6.757343
6.757291
6.757237
6.757181
6.757124
6.757065
6.757004
6.756941
6.756876
6.756810
6.756742
6.756671
6.756600
6.756526
6.756450
6.756373
6.756294
6.756213
6.756130
6.756045
6.755959
6.755871
6.755781
6.755689
6.755595
6.755500
6.755402
6.755303
6.755202
6.755099
6.754995
6.754888
6.754780
6.754670
6.754558
6.754444
6.754329
6.754212
6.754092
6.753971
6.753849
6.753724
6.753598
6.753469
6.753339
6.753207
6.753074
6.752938
6.752801
6.752661
6.752520
6.752378
6.752233
6.752087
6.751938
6.751788
6.751636
6.751482
6.751327
6.751169
6.751010
6.750849
6.750686
6.750521
6.750355
6.750187
6.750016
6.749844
6.749671
6.749495
6.749317
6.749138
6.748957
6.748774
6.748589
6.748403
6.748214
6.748024
6.747832
6.747638
6.747442
6.747244
6.747045
6.746844
6.746641
6.746436
6.746229
6.746021
6.745810
6.745598
6.745384
6.745168
6.744950
6.744731
6.744510
6.744286
6.744061
6.743834
6.743606
6.743375
6.743143
6.742909
6.742673
6.742435
6.742195
6.741954
6.741710
6.741465
6.741218
6.740969
6.740719
6.740466
6.740212
6.739956
6.739698
6.739438
6.739176
6.738913
6.738647
6.738380
6.738111
6.737840
6.737568
6.737293
6.737017
6.736739
6.736459
6.736177
6.735893
6.735607
6.735320
6.735031
6.734740
6.734447
6.734152
6.733856
6.733557
6.733257
6.732955
6.732651
6.732345
6.732038
6.731728
6.731417
6.731104
6.730789
6.730472
6.730154
6.729833
6.729511
6.729187
6.728861
6.728533
6.728203
6.727872
6.727538
6.727203
6.726866
6.726527
6.726187
6.725844
6.725500
6.725153
6.724805
6.724455
6.724104
6.723750
6.723394
6.723037
6.722678
6.722317
6.721954
6.721589
6.721223
6.720855
6.720484
6.720112
6.719738
6.719363
6.718985
6.718605
6.718224
6.717841
6.717456
6.717069
6.716681
6.716290
6.715898
6.715503
6.715107
6.714709
6.714310
6.713908
6.713504
6.713099
6.712692
6.712283
6.711872
6.711459
6.711045
6.710628
6.710210
6.709790
6.709368
6.708944
6.708519
6.708091
6.707662
6.707230
6.706797
6.706362
6.705926
6.705487
6.705047
6.704604
6.704160
6.703714
6.703266
6.702816
6.702365
6.701911
6.701456
6.700999
6.700540
6.700079
6.699616
6.699151
6.698685
6.698217
6.697747
6.697275
6.696801
6.696325
6.695847
6.695368
6.694887
6.694404
6.693919
6.693432
6.692943
6.692452
6.691960
6.691466
6.690969
6.690471
6.689972
6.689470
6.688966
6.688461
6.687954
6.687444
6.686933
6.686420
6.685906
6.685389
6.684871
6.684350
6.683828
6.683304
6.682778
6.682250
6.681721
6.681189
6.680656
6.680121
6.679584
6.679045
6.678504
6.677961
6.677417
6.676870
6.676322
6.675772
6.675220
6.674666
6.674110
6.673553
6.672993
6.672432
6.671869
6.671304
6.670737
6.670168
6.669597
6.669025
6.668450
6.667874
6.667296
6.666716
6.666134
6.665551
6.664965
6.664378
6.663788
6.663197
6.662604
6.662009
6.661412
6.660814
6.660213
6.659611
6.659007
6.658400
6.657792
6.657183
6.656571
6.655957
6.655342
6.654724
6.654105
6.653484
6.652861
6.652236
6.651610
6.650981
6.650351
6.649718
6.649084
6.648448
6.647810
6.647170
6.646529
6.645885
6.645240
6.644592
6.643943
6.643292
6.642639
6.641984
6.641328
6.640669
6.640009
6.639346
6.638682
6.638016
6.637348
6.636678
6.636007
6.635333
6.634658
6.633980
6.633301
6.632620
6.631937
6.631252
6.630566
6.629877
6.629187
6.628494
6.627800
6.627104
6.626406
6.625706
6.625004
6.624301
6.623595
6.622888
6.622179
6.621468
6.620755
6.620040
6.619323
6.618604
6.617884
6.617161
6.616437
6.615711
6.614983
6.614253
6.613521
6.612787
6.612052
6.611314
6.610575
6.609834
6.609090
6.608345
6.607599
6.606850
6.606099
6.605347
6.604592
6.603836
6.603078
6.602318
6.601556
6.600792
6.600026
6.599258
6.598489
6.597717
6.596944
6.596169
6.595392
6.594613
6.593832
6.593049
6.592265
6.591478
6.590690
6.589900
6.589108
6.588313
6.587518
6.586720
6.585920
6.585118
6.584315
6.583510
6.582702
6.581893
6.581082
6.580269
6.579454
6.578637
6.577819
6.576998
6.576176
6.575352
6.574525
6.573697
6.572867
6.572036
6.571202
6.570366
6.569529
6.568689
6.567848
6.567005
6.566159
6.565312
6.564464
6.563613
6.562760
6.561905
6.561049
6.560191
6.559330
6.558468
6.557604
6.556738
6.555870
6.555001
6.554129
6.553255
6.552380
6.551503
6.550623
6.549742
6.548859
6.547974
6.547087
6.546199
6.545308
6.544415
6.543521
6.542625
6.541726
6.540826
6.539924
6.539020
6.538115
6.537207
6.536297
6.535386
6.534472
6.533557
6.532640
6.531721
6.530800
6.529877
6.528952
6.528025
6.527096
6.526166
6.525233
6.524299
6.523363
6.522425
6.521485
6.520543
6.519599
6.518653
6.517705
6.516756
6.515804
6.514851
6.513896
6.512938
6.511979
6.511018
6.510055
6.509091
6.508124
6.507155
6.506185
6.505212
6.504238
6.503262
6.502283
6.501303
6.500321
6.499337
6.498352
6.497364
6.496374
6.495383
6.494389
6.493394
6.492397
6.491398
6.490397
6.489394
6.488389
6.487382
6.486373
6.485363
6.484350
6.483336
6.482319
6.481301
6.480281
6.479259
6.478235
6.477209
6.476181
6.475151
6.474120
6.473086
6.472050
6.471013
6.469974
6.468933
6.467889
6.466844
6.465797
6.464749
6.463698
6.462645
6.461590
6.460534
6.459475
6.458415
6.457353
6.456289
6.455222
6.454154
6.453084
6.452013
6.450939
6.449863
6.448785
6.447706
6.446625
6.445541
6.444456
6.443369
6.442280
6.441188
6.440096
6.439001
6.437904
6.436805
6.435704
6.434602
6.433497
6.432391
6.431283
6.430172
6.429060
6.427946
6.426830
6.425712
6.424592
6.423471
6.422347
6.421221
6.420094
6.418964
6.417833
6.416700
6.415564
6.414427
6.413288
6.412147
6.411004
6.409859
6.408713
6.407564
6.406413
6.405261
6.404106
6.402950
6.401792
6.400631
6.399469
6.398305
6.397139
6.395971
6.394801
6.393629
6.392456
6.391280
6.390102
6.388923
6.387742
6.386558
6.385373
6.384186
6.382996
6.381805
6.380612
6.379417
6.378221
6.377022
6.375821
6.374618
6.373414
6.372207
6.370999
6.369788
6.368576
6.367362
6.366146
6.364928
6.363708
6.362486
6.361262
6.360036
6.358808
6.357578
6.356347
6.355113
6.353878
6.352640
6.351401
6.350160
6.348916
6.347671
6.346424
6.345175
6.343924
6.342671
6.341416
6.340160
6.338901
6.337640
6.336378
6.335113
6.333847
6.332578
6.331308
6.330036
6.328762
6.327485
6.326207
6.324927
6.323645
6.322361
6.321076
6.319788
6.318498
6.317207
6.315913
6.314617
6.313320
6.312021
6.310719
6.309416
6.308111
6.306804
6.305494
6.304183
6.302870
6.301556
6.300239
6.298920
6.297599
6.296276
6.294952
6.293625
6.292297
6.290966
6.289634
6.288300
6.286963
6.285625
6.284285
6.282943
6.281599
6.280253
6.278905
6.277555
6.276203
6.274849
6.273493
6.272136
6.270776
6.269415
6.268051
6.266686
6.265318
6.263949
6.262578
6.261204
6.259829
6.258452
6.257073
6.255692
6.254309
6.252924
6.251537
6.250148
6.248758
6.247365
6.245970
6.244574
6.243175
6.241775
6.240372
6.238968
6.237561
6.236153
6.234743
6.233330
6.231916
6.230500
6.229082
6.227662
6.226240
6.224816
6.223390
6.221962
6.220533
6.219101
6.217667
6.216232
6.214794
6.213355
6.211913
6.210470
6.209024
6.207577
6.206127
6.204676
6.203223
6.201768
6.200311
6.198852
6.197391
6.195928
6.194463
6.192996
6.191527
6.190056
6.188583
6.187108
6.185632
6.184153
6.182673
6.181190
6.179705
6.178219
6.176731
6.175240
6.173748
6.172253
6.170757
6.169259
6.167759
6.166257
6.164753
6.163246
6.161738
6.160228
6.158716
6.157203
6.155687
6.154169
6.152649
6.151127
6.149604
6.148078
6.146550
6.145021
6.143489
6.141956
6.140420
6.138883
6.137343
6.135802
6.134259
6.132713
6.131166
6.129617
6.128066
6.126512
6.124957
6.123400
6.121841
6.120280
6.118717
6.117152
6.115585
6.114016
6.112445
6.110873
6.109298
6.107721
6.106142
6.104562
6.102979
6.101394
6.099808
6.098219
6.096629
6.095036
6.093442
6.091845
6.090247
6.088647
6.087044
6.085440
6.083834
6.082226
6.080615
6.079003
6.077389
6.075773
6.074155
6.072535
6.070913
6.069289
6.067663
6.066035
6.064405
6.062773
6.061139
6.059503
6.057865
6.056226
6.054584
6.052940
6.051294
6.049647
6.047997
6.046345
6.044692
6.043036
6.041379
6.039719
6.038058
6.036394
6.034729
6.033061
6.031392
6.029721
6.028047
6.026372
6.024695
6.023015
6.021334
6.019651
6.017966
6.016279
6.014589
6.012898
6.011205
6.009510
6.007813
6.006114
6.004413
6.002710
6.001005
5.999298
5.997589
5.995878
5.994165
5.992450
5.990733
5.989015
5.987294
5.985571
5.983846
5.982119
5.980391
5.978660
5.976927
5.975192
5.973456
5.971717
5.969976
5.968234
5.966489
5.964743
5.962994
5.961243
5.959491
5.957736
5.955980
5.954221
5.952461
5.950698
5.948934
5.947168
5.945399
5.943629
5.941856
5.940082
5.938306
5.936527
5.934747
5.932965
5.931180
5.929394
5.927606
5.925815
5.924023
5.922229
5.920433
5.918635
5.916834
5.915032
5.913228
5.911422
5.909614
5.907803
5.905991
5.904177
5.902361
5.900543
5.898723
5.896901
5.895077
5.893251
5.891423
5.889593
5.887760
5.885926
5.884090
5.882252
5.880412
5.878570
5.876726
5.874880
5.873032
5.871182
5.869331
5.867477
5.865621
5.863763
5.861903
5.860041
5.858177
5.856311
5.854443
5.852573
5.850701
5.848827
5.846951
5.845074
5.843194
5.841312
5.839428
5.837542
5.835654
5.833764
5.831872
5.829979
5.828083
5.826185
5.824285
5.822383
5.820479
5.818573
5.816666
5.814756
5.812844
5.810930
5.809014
5.807096
5.805177
5.803255
5.801331
5.799405
5.797477
5.795547
5.793616
5.791682
5.789746
5.787808
5.785868
5.783926
5.781983
5.780037
5.778089
5.776139
5.774187
5.772233
5.770277
5.768320
5.766360
5.764398
5.762434
5.760468
5.758500
5.756530
5.754558
5.752584
5.750609
5.748631
5.746651
5.744669
5.742685
5.740699
5.738711
5.736721
5.734729
5.732735
5.730739
5.728741
5.726741
5.724739
5.722735
5.720729
5.718721
5.716711
5.714699
5.712685
5.710669
5.708651
5.706631
5.704609
5.702585
5.700559
5.698531
5.696501
5.694469
5.692435
5.690398
5.688360
5.686320
5.684278
5.682234
5.680188
5.678139
5.676089
5.674037
5.671983
5.669927
5.667868
5.665808
5.663746
5.661681
5.659615
5.657547
5.655477
5.653404
5.651330
5.649253
5.647175
5.645095
5.643012
5.640928
5.638841
5.636753
5.634662
5.632570
5.630475
5.628379
5.626280
5.624180
5.622077
5.619973
5.617866
5.615757
5.613647
5.611534
5.609419
5.607303
5.605184
5.603063
5.600940
5.598816
5.596689
5.594560
5.592429
5.590296
5.588162
5.586025
5.583886
5.581745
5.579602
5.577457
5.575310
5.573161
5.571010
5.568857
5.566702
5.564545
5.562386
5.560224
5.558061
5.555896
5.553729
5.551560
5.549388
5.547215
5.545040
5.542863
5.540683
5.538502
5.536318
5.534133
5.531946
5.529756
5.527565
5.525371
5.523176
5.520978
5.518778
5.516577
5.514373
5.512168
5.509960
5.507750
5.505538
5.503325
5.501109
5.498891
5.496671
5.494449
5.492225
5.489999
5.487771
5.485541
5.483309
5.481075
5.478839
5.476601
5.474361
5.472119
5.469875
5.467628
5.465380
5.463130
5.460878
5.458623
5.456367
5.454108
5.451848
5.449586
5.447321
5.445054
5.442786
5.440515
5.438243
5.435968
5.433691
5.431413
5.429132
5.426849
5.424564
5.422277
5.419988
5.417698
5.415405
5.413110
5.410813
5.408513
5.406212
5.403909
5.401604
5.399297
5.396988
5.394676
5.392363
5.390048
5.387730
5.385411
5.383089
5.380766
5.378440
5.376113
5.373783
5.371452
5.369118
5.366782
5.364444
5.362105
5.359763
5.357419
5.355073
5.352725
5.350375
5.348023
5.345669
5.343313
5.340955
5.338594
5.336232
5.333868
5.331502
5.329133
5.326763
5.324390
5.322016
5.319639
5.317261
5.314880
5.312498
5.310113
5.307726
5.305337
5.302947
5.300554
5.298159
5.295762
5.293363
5.290962
5.288559
5.286154
5.283747
5.281337
5.278926
5.276513
5.274097
5.271680
5.269261
5.266839
5.264416
5.261990
5.259562
5.257133
5.254701
5.252267
5.249832
5.247394
5.244954
5.242512
5.240068
5.237622
5.235174
5.232724
5.230271
5.227817
5.225361
5.222902
5.220442
5.217980
5.215515
5.213049
5.210580
5.208109
5.205637
5.203162
5.200685
5.198206
5.195726
5.193243
5.190758
5.188271
5.185781
5.183290
5.180797
5.178302
5.175805
5.173305
5.170804
5.168300
5.165795
5.163287
5.160778
5.158266
5.155752
5.153236
5.150719
5.148199
5.145677
5.143153
5.140627
5.138099
5.135568
5.133036
5.130502
5.127966
5.125427
5.122887
5.120344
5.117800
5.115253
5.112704
5.110154
5.107601
5.105046
5.102489
5.099930
5.097369
5.094806
5.092241
5.089674
5.087105
5.084533
5.081960
5.079384
5.076807
5.074227
5.071646
5.069062
5.066476
5.063889
5.061299
5.058707
5.056113
5.053517
5.050919
5.048318
5.045716
5.043112
5.040506
5.037897
5.035287
5.032674
5.030060
5.027443
5.024824
5.022203
5.019581
5.016956
5.014329
5.011700
5.009069
5.006435
5.003800
5.001163
4.998523
4.995882
4.993239
4.990593
4.987945
4.985296
4.982644
4.979990
4.977334
4.974676
4.972016
4.969354
4.966690
4.964024
4.961355
4.958685
4.956013
4.953338
4.950662
4.947983
4.945302
4.942619
4.939935
4.937248
4.934559
4.931868
4.929174
4.926479
4.923782
4.921083
4.918381
4.915678
4.912972
4.910265
4.907555
4.904843
4.902129
4.899413
4.896695
4.893975
4.891253
4.888529
4.885803
4.883074
4.880344
4.877612
4.874877
4.872140
4.869402
4.866661
4.863918
4.861173
4.858426
4.855677
4.852926
4.850173
4.847417
4.844660
4.841900
4.839139
4.836375
4.833610
4.830842
4.828072
4.825300
4.822526
4.819750
4.816972
4.814192
4.811409
4.808625
4.805839
4.803050
4.800259
4.797467
4.794672
4.791875
4.789076
4.786275
4.783472
4.780667
4.777860
4.775050
4.772239
4.769425
4.766610
4.763792
4.760972
4.758151
4.755327
4.752501
4.749673
4.746843
4.744010
4.741176
4.738340
4.735501
4.732661
4.729818
4.726973
4.724127
4.721278
4.718427
4.715574
4.712719
4.709861
4.707002
4.704141
4.701277
4.698412
4.695544
4.692674
4.689802
4.686928
4.684053
4.681174
4.678294
4.675412
4.672528
4.669641
4.666753
4.663862
4.660970
4.658075
4.655178
4.652279
4.649378
4.646475
4.643570
4.640662
4.637753
4.634841
4.631928
4.629012
4.626095
4.623175
4.620253
4.617329
4.614403
4.611474
4.608544
4.605612
4.602677
4.599741
4.596802
4.593861
4.590919
4.587974
4.585027
4.582078
4.579126
4.576173
4.573218
4.570260
4.567301
4.564339
4.561375
4.558409
4.555442
4.552471
4.549499
4.546525
4.543549
4.540570
4.537590
4.534607
4.531623
4.528636
4.525647
4.522656
4.519663
4.516668
4.513670
4.510671
4.507670
4.504666
4.501660
4.498653
4.495643
4.492631
4.489617
4.486601
4.483582
4.480562
4.477540
4.474515
4.471488
4.468460
4.465429
4.462396
4.459361
4.456324
4.453285
4.450243
4.447200
4.444154
4.441107
4.438057
4.435005
4.431951
4.428895
4.425837
4.422777
4.419714
4.416650
4.413583
4.410515
4.407444
4.404371
4.401296
4.398219
4.395140
4.392059
4.388975
4.385890
4.382802
4.379713
4.376621
4.373527
4.370431
4.367333
4.364233
4.361130
4.358026
4.354919
4.351811
4.348700
4.345587
4.342472
4.339355
4.336236
4.333115
4.329991
4.326866
4.323738
4.320609
4.317477
4.314343
4.311207
4.308069
4.304929
4.301786
4.298642
4.295495
4.292347
4.289196
4.286043
4.282888
4.279731
4.276572
4.273410
4.270247
4.267081
4.263914
4.260744
4.257572
4.254398
4.251222
4.248044
4.244863
4.241681
4.238496
4.235310
4.232121
4.228930
4.225737
4.222542
4.219345
4.216145
4.212944
4.209740
4.206535
4.203327
4.200117
4.196905
4.193691
4.190475
4.187256
4.184036
4.180813
4.177588
4.174362
4.171133
4.167902
4.164668
4.161433
4.158196
4.154956
4.151715
4.148471
4.145225
4.141977
4.138727
4.135475
4.132220
4.128964
4.125705
4.122445
4.119182
4.115917
4.112650
4.109381
4.106109
4.102836
4.099560
4.096283
4.093003
4.089721
4.086437
4.083151
4.079863
4.076572
4.073280
4.069985
4.066688
4.063389
4.060088
4.056785
4.053480
4.050173
4.046863
4.043552
4.040238
4.036922
4.033604
4.030284
4.026962
4.023638
4.020311
4.016982
4.013652
4.010319
4.006984
4.003647
4.000308
3.996966
3.993623
3.990277
3.986930
3.983580
3.980228
3.976874
3.973517
3.970159
3.966799
3.963436
3.960071
3.956705
3.953336
3.949964
3.946591
3.943216
3.939838
3.936459
3.933077
3.929693
3.926307
3.922919
3.919529
3.916136
3.912742
3.909345
3.905946
3.902545
3.899142
3.895737
3.892330
3.888921
3.885509
3.882095
3.878679
3.875261
3.871841
3.868419
3.864995
3.861568
3.858140
3.854709
3.851276
3.847841
3.844404
3.840965
3.837523
3.834080
3.830634
3.827186
3.823736
3.820284
3.816830
3.813374
3.809915
3.806455
3.802992
3.799527
3.796060
3.792591
3.789119
3.785646
3.782170
3.778693
3.775213
3.771731
3.768247
3.764760
3.761272
3.757782
3.754289
3.750794
3.747297
3.743798
3.740297
3.736793
3.733288
3.729780
3.726271
3.722759
3.719245
3.715728
3.712210
3.708690
3.705167
3.701642
3.698115
3.694586
3.691055
3.687522
3.683986
3.680449
3.676909
3.673367
3.669823
3.666277
3.662729
3.659178
3.655626
3.652071
3.648514
3.644955
3.641394
3.637831
3.634265
3.630697
3.627128
3.623556
3.619982
3.616406
3.612827
3.609247
3.605664
3.602080
3.598493
3.594904
3.591312
3.587719
3.584124
3.580526
3.576926
3.573324
3.569720
3.566114
3.562506
3.558895
3.555283
3.551668
3.548051
3.544432
3.540810
3.537187
3.533562
3.529934
3.526304
3.522672
3.519038
3.515402
3.511763
3.508123
3.504480
3.500835
3.497188
3.493539
3.489887
3.486234
3.482578
3.478921
3.475261
3.471599
3.467934
3.464268
3.460599
3.456929
3.453256
3.449581
3.445904
3.442224
3.438543
3.434859
3.431174
3.427486
3.423796
3.420103
3.416409
3.412712
3.409014
3.405313
3.401610
3.397905
3.394198
3.390488
3.386776
3.383063
3.379347
3.375629
3.371908
3.368186
3.364462
3.360735
3.357006
3.353275
3.349542
3.345806
3.342069
3.338329
3.334587
3.330844
3.327097
3.323349
3.319599
3.315846
3.312091
3.308334
3.304575
3.300814
3.297051
3.293285
3.289517
3.285748
3.281976
3.278201
3.274425
3.270647
3.266866
3.263083
3.259298
3.255511
3.251722
3.247930
3.244136
3.240341
3.236543
3.232743
3.228940
3.225136
3.221329
3.217520
3.213710
3.209896
3.206081
3.202264
3.198444
3.194622
3.190798
3.186972
3.183144
3.179314
3.175481
3.171646
3.167809
3.163970
3.160129
3.156286
3.152440
3.148592
3.144743
3.140890
3.137036
3.133180
3.129321
3.125460
3.121598
3.117733
3.113865
3.109996
3.106124
3.102251
3.098375
3.094497
3.090616
3.086734
3.082849
3.078963
3.075074
3.071182
3.067289
3.063394
3.059496
3.055596
3.051694
3.047790
3.043884
3.039976
3.036065
3.032152
3.028237
3.024320
3.020401
3.016479
3.012556
3.008630
3.004702
3.000772
2.996839
2.992905
2.988968
2.985029
2.981088
2.977145
2.973200
2.969252
2.965302
2.961350
2.957396
2.953440
2.949482
2.945521
2.941558
2.937593
2.933626
2.929657
2.925685
2.921712
2.917736
2.913758
2.909778
2.905795
2.901811
2.897824
2.893835
2.889844
2.885851
2.881855
2.877858
2.873858
2.869856
2.865852
2.861845
2.857837
2.853826
2.849813
2.845798
2.841781
2.837762
2.833740
2.829716
2.825690
2.821662
2.817632
2.813600
2.809565
2.805528
2.801489
2.797448
2.793405
2.789359
2.785311
2.781261
2.777209
2.773155
2.769098
2.765040
2.760979
2.756916
2.752851
2.748783
2.744714
2.740642
2.736568
2.732492
2.728414
2.724333
2.720250
2.716166
2.712079
2.707989
2.703898
2.699804
2.695709
2.691611
2.687510
2.683408
2.679304
2.675197
2.671088
2.666977
2.662864
2.658748
2.654630
2.650511
2.646389
2.642264
2.638138
2.634009
2.629879
2.625746
2.621611
2.617473
2.613334
2.609192
2.605048
2.600902
