1.299045
1.302807
1.306575
1.310347
1.314124
1.317906
1.321692
1.325483
1.329279
1.333080
1.336885
1.340695
1.344510
1.348329
1.352153
1.355982
1.359816
1.363654
1.367497
1.371345
1.375198
1.379055
1.382917
1.386784
1.390655
1.394531
1.398412
1.402298
1.406188
1.410083
1.413983
1.417887
1.421796
1.425710
1.429629
1.433552
1.437480
1.441413
1.445350
1.449292
1.453239
1.457191
1.461147
1.465108
1.469073
1.473043
1.477018
1.480998
1.484982
1.488971
1.492965
1.496964
1.500967
1.504974
1.508987
1.513004
1.517026
1.521052
1.525084
1.529120
1.533160
1.537205
1.541255
1.545310
1.549369
1.553433
1.557501
1.561575
1.565652
1.569735
1.573822
1.577914
1.582011
1.586112
1.590218
1.594328
1.598443
1.602563
1.606687
1.610817
1.614950
1.619089
1.623232
1.627379
1.631532
1.635688
1.639850
1.644016
1.648187
1.652362
1.656542
1.660727
1.664916
1.669110
1.673309
1.677512
1.681720
1.685932
1.690149
1.694371
1.698597
1.702828
1.707063
1.711303
1.715548
1.719797
1.724051
1.728309
1.732572
1.736840
1.741112
1.745389
1.749670
1.753956
1.758246
1.762542
1.766841
1.771145
1.775454
1.779767
1.784085
1.788408
1.792735
1.797066
1.801403
1.805743
1.810089
1.814438
1.818793
1.823152
1.827515
1.831883
1.836255
1.840632
1.845014
1.849400
1.853791
1.858186
1.862585
1.866990
1.871398
1.875811
1.880229
1.884651
1.889078
1.893509
1.897945
1.902385
1.906830
1.911279
1.915733
1.920191
1.924654
1.929121
1.933593
1.938069
1.942549
1.947034
1.951524
1.956018
1.960516
1.965019
1.969526
1.974038
1.978554
1.983075
1.987600
1.992130
1.996664
2.001202
2.005745
2.010293
2.014844
2.019400
2.023961
2.028526
2.033095
2.037669
2.042247
2.046830
2.051417
2.056009
2.060604
2.065205
2.069809
2.074418
2.079032
2.083649
2.088271
2.092898
2.097529
2.102164
2.106803
2.111447
2.116096
2.120748
2.125405
2.130067
2.134732
2.139402
2.144077
2.148755
2.153438
2.158126
2.162817
2.167513
2.172213
2.176918
2.181627
2.186340
2.191057
2.195779
2.200505
2.205236
2.209970
2.214709
2.219452
2.224200
2.228951
2.233707
2.238468
2.243232
2.248001
2.252774
2.257551
2.262332
2.267118
2.271908
2.276702
2.281501
2.286303
2.291110
2.295921
2.300736
2.305556
2.310379
2.315207
2.320039
2.324875
2.329716
2.334560
2.339409
2.344262
2.349119
2.353980
2.358845
2.363715
2.368589
2.373466
2.378348
2.383234
2.388125
2.393019
2.397917
2.402820
2.407727
2.412637
2.417552
2.422471
2.427394
2.432322
2.437253
2.442188
2.447128
2.452071
2.457019
2.461970
2.466926
2.471886
2.476849
2.481817
2.486789
2.491765
2.496745
2.501729
2.506717
2.511709
2.516705
2.521705
2.526709
2.531717
2.536729
2.541745
2.546764
2.551788
2.556816
2.561848
2.566884
2.571923
2.576967
2.582015
2.587066
2.592122
2.597181
2.602245
2.607312
2.612383
2.617458
2.622537
2.627620
2.632707
2.637797
2.642892
2.647990
2.653092
2.658198
2.663308
2.668422
2.673540
2.678661
2.683787
2.688916
2.694049
2.699186
2.704326
2.709471
2.714619
2.719771
2.724927
2.730086
2.735250
2.740417
2.745588
2.750762
2.755941
2.761123
2.766309
2.771499
2.776692
2.781889
2.787090
2.792294
2.797503
2.802715
2.807930
2.813150
2.818373
2.823599
2.828830
2.834064
2.839301
2.844543
2.849788
2.855036
2.860289
2.865544
2.870804
2.876067
2.881334
2.886604
2.891878
2.897155
2.902436
2.907721
2.913009
2.918301
2.923596
2.928895
2.934198
2.939504
2.944813
2.950126
2.955443
2.960763
2.966086
2.971413
2.976744
2.982078
2.987415
2.992756
2.998101
3.003449
3.008800
3.014155
3.019513
3.024875
3.030240
3.035608
3.040980
3.046355
3.051734
3.057116
3.062501
3.067890
3.073282
3.078678
3.084077
3.089479
3.094884
3.100293
3.105705
3.111121
3.116540
3.121962
3.127387
3.132816
3.138248
3.143683
3.149121
3.154563
3.160008
3.165456
3.170908
3.176362
3.181820
3.187281
3.192746
3.198213
3.203684
3.209158
3.214635
3.220115
3.225598
3.231085
3.236574
3.242067
3.247563
3.253062
3.258564
3.264069
3.269577
3.275089
3.280603
3.286121
3.291641
3.297165
3.302691
3.308221
3.313754
3.319289
3.324828
3.330370
3.335915
3.341462
3.347013
3.352567
3.358123
3.363683
3.369245
3.374811
3.380379
3.385950
3.391524
3.397101
3.402681
3.408264
3.413850
3.419439
3.425030
3.430624
3.436221
3.441821
3.447424
3.453030
3.458638
3.464249
3.469863
3.475480
3.481099
3.486722
3.492347
3.497975
3.503605
3.509238
3.514874
3.520513
3.526154
3.531798
3.537445
3.543094
3.548746
3.554401
3.560058
3.565718
3.571381
3.577046
3.582713
3.588384
3.594057
3.599732
3.605410
3.611091
3.616774
3.622460
3.628148
3.633839
3.639532
3.645228
3.650926
3.656627
3.662330
3.668036
3.673744
3.679454
3.685167
3.690883
3.696600
3.702320
3.708043
3.713768
3.719495
3.725225
3.730957
3.736691
3.742428
3.748167
3.753908
3.759652
3.765398
3.771146
3.776896
3.782649
3.788404
3.794161
3.799921
3.805682
3.811446
3.817212
3.822980
3.828751
3.834523
3.840298
3.846075
3.851853
3.857634
3.863418
3.869203
3.874990
3.880780
3.886571
3.892365
3.898160
3.903958
3.909758
3.915559
3.921363
3.927168
3.932976
3.938786
3.944597
3.950411
3.956226
3.962043
3.967863
3.973684
3.979507
3.985332
3.991158
3.996987
4.002817
4.008650
4.014484
4.020320
4.026157
4.031997
4.037838
4.043681
4.049526
4.055372
4.061221
4.067071
4.072922
4.078776
4.084631
4.090487
4.096346
4.102206
4.108067
4.113930
4.119795
4.125662
4.131530
4.137399
4.143270
4.149143
4.155017
4.160893
4.166770
4.172649
4.178529
4.184411
4.190294
4.196179
4.202065
4.207952
4.213841
4.219731
4.225623
4.231516
4.237410
4.243306
4.249203
4.255102
4.261001
4.266902
4.272805
4.278708
4.284613
4.290519
4.296426
4.302335
4.308245
4.314155
4.320068
4.325981
4.331895
4.337811
4.343727
4.349645
4.355564
4.361484
4.367405
4.373327
4.379250
4.385175
4.391100
4.397026
4.402953
4.408882
4.414811
4.420741
4.426672
4.432604
4.438537
4.444471
4.450405
4.456341
4.462277
4.468214
4.474153
4.480091
4.486031
4.491972
4.497913
4.503855
4.509798
4.515741
4.521685
4.527630
4.533576
4.539522
4.545469
4.551417
4.557365
4.563314
4.569263
4.575213
4.581164
4.587115
4.593067
4.599019
4.604972
4.610925
4.616879
4.622833
4.628788
4.634743
4.640698
4.646654
4.652611
4.658567
4.664525
4.670482
4.676440
4.682398
4.688356
4.694315
4.700274
4.706233
4.712193
4.718153
4.724113
4.730073
4.736033
4.741994
4.747954
4.753915
4.759876
4.765837
4.771798
4.777759
4.783721
4.789682
4.795643
4.801605
4.807566
4.813527
4.819489
4.825450
4.831411
4.837372
4.843333
4.849294
4.855255
4.861216
4.867176
4.873137
4.879097
4.885057
4.891016
4.896976
4.902935
4.908894
4.914853
4.920811
4.926769
4.932727
4.938684
4.944641
4.950597
4.956553
4.962509
4.968464
4.974419
4.980374
4.986328
4.992281
4.998234
5.004186
5.010138
5.016089
5.022039
5.027989
5.033939
5.039887
5.045835
5.051783
5.057730
5.063675
5.069621
5.075565
5.081509
5.087452
5.093394
5.099335
5.105276
5.111215
5.117154
5.123092
5.129029
5.134965
5.140900
5.146834
5.152768
5.158700
5.164631
5.170561
5.176490
5.182418
5.188345
5.194271
5.200196
5.206119
5.212042
5.217963
5.223883
5.229802
5.235720
5.241636
5.247551
5.253465
5.259378
5.265289
5.271199
5.277107
5.283014
5.288920
5.294824
5.300727
5.306629
5.312529
5.318427
5.324324
5.330220
5.336114
5.342006
5.347897
5.353786
5.359673
5.365559
5.371443
5.377326
5.383207
5.389086
5.394963
5.400839
5.406713
5.412585
5.418455
5.424323
5.430190
5.436055
5.441917
5.447778
5.453637
5.459494
5.465349
5.471202
5.477053
5.482902
5.488749
5.494594
5.500437
5.506277
5.512116
5.517952
5.523786
5.529618
5.535448
5.541275
5.547100
5.552923
5.558744
5.564562
5.570378
5.576192
5.582003
5.587812
5.593619
5.599423
5.605224
5.611023
5.616820
5.622614
5.628405
5.634194
5.639980
5.645764
5.651545
5.657324
5.663099
5.668872
5.674643
5.680410
5.686175
5.691937
5.697696
5.703453
5.709206
5.714957
5.720705
5.726450
5.732192
5.737931
5.743667
5.749400
5.755130
5.760857
5.766581
5.772301
5.778019
5.783734
5.789445
5.795153
5.800859
5.806560
5.812259
5.817954
5.823646
5.829335
5.835021
5.840703
5.846381
5.852057
5.857728
5.863397
5.869062
5.874723
5.880381
5.886036
5.891686
5.897334
5.902977
5.908617
5.914254
5.919887
5.925516
5.931141
5.936762
5.942380
5.947994
5.953604
5.959211
5.964813
5.970412
5.976007
5.981597
5.987184
5.992767
5.998346
6.003921
6.009491
6.015058
6.020621
6.026179
6.031733
6.037284
6.042829
6.048371
6.053909
6.059442
6.064971
6.070495
6.076016
6.081532
6.087043
6.092550
6.098053
6.103551
6.109045
6.114534
6.120019
6.125499
6.130974
6.136445
6.141912
6.147373
6.152830
6.158282
6.163730
6.169173
6.174611
6.180044
6.185472
6.190895
6.196314
6.201728
6.207136
6.212540
6.217939
6.223333
6.228721
6.234105
6.239483
6.244857
6.250225
6.255588
6.260946
6.266299
6.271646
6.276988
6.282325
6.287657
6.292983
6.298304
6.303619
6.308929
6.314234
6.319533
6.324826
6.330114
6.335397
6.340674
6.345945
6.351210
6.356470
6.361724
6.366973
6.372216
6.377453
6.382684
6.387909
6.393129
6.398342
6.403550
6.408752
6.413947
6.419137
6.424321
6.429499
6.434670
6.439836
6.444995
6.450148
6.455296
6.460436
6.465571
6.470699
6.475821
6.480937
6.486046
6.491149
6.496246
6.501336
6.506420
6.511497
6.516568
6.521632
6.526689
6.531740
6.536784
6.541822
6.546853
6.551877
6.556895
6.561905
6.566909
6.571906
6.576896
6.581880
6.586856
