0.000000
-0.361500
-0.719645
-1.070850
-1.411596
-1.738468
-2.048186
-2.337638
-2.603914
-2.844335
-3.056475
-3.238194
-3.387650
-3.503325
-3.584039
-3.628957
-3.637606
-3.609872
-3.546006
-3.446622
-3.312688
-3.145520
-2.946764
-2.718387
-2.462653
-2.182100
-1.879516
-1.557913
-1.220494
-0.870623
-0.511792
-0.147583
0.218364
0.582388
0.940849
1.290154
1.626804
1.947422
2.248788
2.527874
2.781873
3.008225
3.204647
3.369151
3.500070
3.596069
3.656164
3.679727
3.666497
3.616579
3.530447
3.408937
3.253238
3.064885
2.845737
2.597966
2.324028
2.026647
1.708780
1.373593
1.024426
0.664762
0.298192
-0.071622
-0.440983
-0.806196
-1.163603
-1.509625
-1.840792
-2.153779
-2.445444
-2.712853
-2.953314
-3.164402
-3.343985
-3.490243
-3.601691
-3.677188
-3.715954
-3.717575
-3.682008
-3.609582
-3.500997
-3.357312
-3.179941
-2.970633
-2.731461
-2.464795
-2.173283
-1.859825
-1.527540
-1.179739
-0.819891
-0.451587
-0.078505
0.295625
0.667063
1.032090
1.387049
1.728384
2.052670
2.356650
2.637270
2.891705
3.117393
3.312054
3.473721
3.600751
3.691851
3.746083
3.762879
3.742045
3.683763
3.588589
3.457449
3.291631
3.092768
2.862827
2.604086
2.319113
2.010741
1.682039
1.336279
0.976910
0.607516
0.231786
-0.146525
-0.523636
-0.895772
-1.259208
-1.610302
-1.945532
-2.261535
-2.555135
-2.823380
-3.063568
-3.273278
-3.450389
-3.593108
-3.699983
-3.769919
-3.802192
-3.796451
-3.752729
-3.671436
-3.553358
-3.399652
-3.211830
-2.991748
-2.741585
-2.463822
-2.161219
-1.836786
-1.493752
-1.135538
-0.765715
-0.387976
-0.006093
0.376115
0.754827
1.126250
1.486664
1.832456
2.160156
2.466475
2.748332
3.002891
3.227586
3.420150
3.578633
3.701427
3.787278
3.835303
3.844993
3.816227
3.749265
3.644751
3.503704
3.327511
3.117908
2.876972
2.607089
2.310939
1.991469
1.651856
1.295485
0.925909
0.546817
0.161993
-0.224715
-0.609442
-0.988336
-1.357604
-1.713544
-2.052587
-2.371330
-2.666570
-2.935337
-3.174925
-3.382916
-3.557209
-3.696036
-3.797985
-3.862010
-3.887445
-3.874010
-3.821811
-3.731344
-3.603489
-3.439499
-3.240989
-3.009922
-2.748588
-2.459579
-2.145768
-1.810278
-1.456450
-1.087811
-0.708039
-0.320924
0.069664
0.459822
0.845645
1.223271
1.588917
1.938918
2.269760
2.578121
2.860901
3.115254
3.338616
3.528732
3.683677
3.801877
3.882124
3.923591
3.925836
3.888810
3.812857
3.698710
3.547486
3.360671
3.140112
2.887991
2.606809
2.299359
1.968700
1.618124
1.251123
0.871359
0.482622
0.088795
-0.306186
-0.698370
-1.083833
-1.458713
-1.819253
-2.161837
-2.483025
-2.779590
-3.048549
-3.287192
-3.493112
-3.664227
-3.798801
-3.895464
-3.953223
-3.971474
-3.950009
-3.889015
-3.789075
-3.651165
-3.476637
-3.267213
-3.024965
-2.752295
-2.451909
-2.126794
-1.780186
-1.415538
-1.036486
-0.646812
-0.250407
0.148767
0.546720
0.939469
1.323082
1.693715
2.047651
2.381340
2.691429
2.974801
3.228602
3.450275
3.637579
3.788620
3.901861
3.976144
4.010701
4.005159
3.959548
3.874296
3.750231
3.588568
3.390899
3.159177
2.895699
2.603079
2.284225
1.942309
1.580737
1.203113
0.813204
0.414901
0.012186
-0.390918
-0.790377
-1.182194
-1.562442
-1.927312
-2.273142
-2.596460
-2.894017
-3.162819
-3.400159
-3.603641
-3.771207
-3.901158
-3.992168
-4.043302
-4.054022
-4.024194
-3.954090
-3.844385
-3.696150
-3.510842
-3.290292
-3.036682
-2.752529
-2.440653
-2.104159
-1.746395
-1.370926
-0.981497
-0.581996
-0.176411
0.231204
0.636771
1.036234
1.425591
1.800941
2.158520
2.494739
2.806221
3.089833
3.342720
3.562333
3.746452
3.893212
4.001122
4.069076
4.096368
4.082700
4.028180
3.933329
3.799069
3.626717
3.417972
3.174900
2.899910
2.595733
2.265391
1.912173
1.539599
1.151381
0.751395
0.343633
-0.067830
-0.478879
-0.885404
-1.283334
-1.668682
-2.037586
-2.386344
-2.711455
-3.009651
-3.277931
-3.513592
-3.714257
-3.877894
-4.002843
-4.087829
-4.131977
-4.134818
-4.096297
-4.016774
-3.897017
-3.738199
-3.541883
-3.310009
-3.044875
-2.749111
-2.425657
-2.077730
-1.708796
-1.322532
-0.922790
-0.513562
-0.098935
0.316946
0.729922
1.135859
1.530692
1.910465
2.271367
2.609777
2.922296
3.205779
3.457373
3.674541
3.855087
3.997183
4.099383
4.160639
4.180312
4.158178
4.094434
3.989689
3.844967
3.661689
3.441664
3.187071
2.900434
2.584601
2.242713
1.878173
1.494615
1.095862
0.685896
0.268809
-0.151230
-0.570021
-0.983373
-1.387148
-1.777301
-2.149919
-2.501265
-2.827810
-3.126271
-3.393645
-3.627239
-3.824693
-3.984010
-4.103572
-4.182157
-4.218955
-4.213571
-4.166032
-4.076787
-3.946704
-3.777057
-3.569519
-3.326144
-3.049342
-2.741863
-2.406764
-2.047378
-1.667287
-1.270280
-0.860318
-0.441494
-0.017993
0.405951
0.826098
1.238243
1.638256
2.022129
2.386012
2.726252
3.039430
3.322397
3.572302
3.786626
3.963203
4.100241
4.196347
4.250533
4.262232
4.231299
4.158018
4.043097
3.887658
3.693232
3.461740
3.195475
2.897079
2.569518
2.216050
1.840195
1.445701
1.036501
0.616682
0.190435
-0.237979
-0.664275
-1.084188
-1.493511
-1.888146
-2.264133
-2.617701
-2.945298
-3.243632
-3.509700
-3.740820
-3.934659
-4.089255
-4.203038
-4.274843
-4.303928
-4.289976
-4.233098
-4.133839
-3.993166
-3.812460
-3.593505
-3.338469
-3.049880
-2.730605
-2.383820
-2.012977
-1.621772
-1.214106
-0.794047
-0.365790
0.066386
0.498160
0.925211
1.343265
1.748134
2.135759
2.502253
2.843936
3.157376
3.439418
3.687224
3.898292
4.070490
4.202072
4.291695
4.338440
4.341811
4.301750
4.218631
4.093260
3.926865
3.721087
3.477960
3.199895
2.889652
2.550315
2.185263
1.798132
1.392780
0.973254
0.543740
0.108531
-0.328024
-0.761558
-1.187732
-1.602278
-2.001042
-2.380025
-2.735424
-3.063671
-3.361463
-3.625806
-3.854033
-4.043841
-4.193307
-4.300913
-4.365557
-4.386567
-4.363707
-4.297179
-4.187624
-4.036112
-3.844134
-3.613586
-3.346752
-3.046280
-2.715156
-2.356676
-1.974408
-1.572163
-1.153954
-0.723954
-0.286460
0.154158
0.593492
1.027147
1.450782
1.860151
2.251152
2.619862
2.962579
3.275859
3.556552
3.801829
4.009217
4.176618
4.302335
4.385085
4.424016
4.418712
4.369201
4.275952
4.139872
3.962299
3.744984
3.490078
3.200109
2.877959
2.526831
2.150221
1.751882
1.335787
0.906087
0.467074
0.023135
-0.421293
-0.861763
-1.293867
-1.713276
-2.115789
-2.497367
-2.854182
-3.182649
-3.479467
-3.741648
-3.966548
-4.151897
-4.295817
-4.396845
-4.453945
-4.466521
-4.434421
-4.357942
-4.237822
-4.075239
-3.871794
-3.629500
-3.350758
-3.038336
-2.695340
-2.325184
-1.931556
-1.518381
-1.089780
-0.650033
-0.203533
0.245257
0.691849
1.131774
1.560627
1.974110
2.368079
2.738582
3.081898
3.394578
3.673475
3.915781
4.119051
4.281229
4.400669
4.476153
4.506900
4.492578
4.433304
4.329646
4.182616
3.993660
3.764646
3.497842
3.195896
2.861808
2.498903
2.110796
1.701355
1.274665
0.834983
0.386703
-0.065697
-0.517693
-0.964762
-1.402429
-1.826311
-2.232159
-2.615902
-2.973690
-3.301928
-3.597317
-3.856882
-4.078008
-4.258460
-4.396410
-4.490456
-4.539631
-4.543418
-4.501756
-4.415035
-4.284098
-4.110230
-3.895148
-3.640980
-3.350247
-3.025838
-2.670979
-2.289204
-1.884318
-1.460359
-1.021556
-0.572293
-0.117058
0.339598
0.793108
1.238932
1.672606
2.089784
2.486285
2.858130
3.201586
3.513200
3.789838
4.028714
4.227416
4.383936
4.496684
4.564508
4.586705
4.563029
4.493692
4.379361
4.221158
4.020639
3.779790
3.500996
3.187028
2.841006
2.466376
2.066870
1.646470
1.209372
0.759940
0.302663
-0.157888
-0.617107
-1.070401
-1.513229
-1.941157
-2.349896
-2.735345
-3.093636
-3.421171
-3.714655
-3.971135
-4.188024
-4.363132
-4.494685
-4.581342
-4.622214
-4.616866
-4.565328
-4.468090
-4.326102
-4.140759
-3.913893
-3.647752
-3.344976
-3.008577
-2.641901
-2.248601
-1.832597
-1.398040
-0.949267
-0.490760
-0.027101
0.437074
0.897121
1.348435
1.786498
2.206918
2.605482
2.978190
3.321299
3.631361
3.905258
4.140230
4.333905
4.484325
4.589961
4.649734
4.663022
4.629668
4.549979
4.424731
4.255152
4.042915
3.790122
3.499280
3.173280
2.815364
2.429098
2.018330
1.587157
1.139883
0.680973
0.215014
-0.253337
-0.719396
-1.178499
-1.626048
-2.057560
-2.468711
-2.855376
-3.213674
-3.540007
-3.831091
-4.083999
-4.296179
-4.465488
-4.590210
-4.669074
-4.701268
-4.686447
-4.624734
-4.516722
-4.363469
-4.166485
-3.927718
-3.649536
-3.334702
-2.986346
-2.607938
-2.203247
-1.776309
-1.331385
-0.872915
-0.405481
0.066247
0.537550
1.003713
1.460070
1.902050
2.325224
2.725349
3.098411
3.440662
3.748665
4.019319
4.249899
4.438077
4.581950
4.680056
4.731391
4.735417
4.692070
4.601762
4.465371
4.284239
4.060156
3.795343
3.492429
3.154425
2.784696
2.386924
1.965076
1.523359
1.066184
0.598117
0.123834
-0.351922
-0.824391
-1.288846
-1.740636
-2.175234
-2.588284
-2.975643
-3.333423
-3.658030
-3.946201
-4.195033
-4.402018
-4.565066
-4.682523
-4.753191
-4.776342
-4.751720
-4.679548
-4.560525
-4.395820
-4.187057
-3.936304
-3.646049
-3.319177
-2.958940
-2.568927
-2.153025
-1.715382
-1.260367
-0.792522
-0.316524
0.162870
0.640866
1.112680
1.573589
2.018976
2.444379
2.845531
3.218408
3.559264
3.864676
4.131569
4.357256
4.539459
4.676335
4.766492
4.809005
4.803428
4.749793
4.648613
4.500879
4.308046
4.072022
3.795149
3.480176
3.130238
2.748818
2.339719
1.907019
1.455037
0.988285
0.511427
0.029229
-0.453488
-0.931894
-1.401201
-1.856709
-2.293855
-2.708256
-3.095756
-3.452465
-3.774800
-4.059520
-4.303759
-4.505055
-4.661374
-4.771130
-4.833205
-4.846955
-4.812220
-4.729325
-4.599077
-4.422758
-4.202111
-3.939321
-3.637000
-3.298154
-2.926156
-2.524713
-2.097827
-1.649758
-1.184979
-0.708132
-0.223983
0.262627
0.746832
1.223785
1.688713
2.136956
2.564024
2.965634
3.337756
3.676654
3.978921
4.241519
4.461800
4.637542
4.766967
4.848759
4.882079
4.866570
4.802366
4.690088
4.530837
4.326186
4.078162
3.789227
3.462253
3.100495
2.707556
2.287355
