321
1.506082
1.503926
1.501768
1.499609
1.497452
1.495297
1.493146
1.491000
1.488862
1.486732
1.484613
1.482506
1.480413
1.478336
1.476276
1.474236
1.472216
1.470219
1.468247
1.466302
1.464385
1.462499
1.460645
1.458825
1.457042
1.455298
1.453594
1.451933
1.450316
1.448747
1.447227
1.445759
1.444344
1.442985
1.441684
1.440444
1.439266
1.438155
1.437110
1.436136
1.435235
1.434409
1.433660
1.432992
1.432406
1.431906
1.431494
1.431173
1.430945
1.430814
1.430781
1.430850
1.431024
1.431305
1.431696
1.432200
1.432821
1.433561
1.434422
1.435409
1.436524
1.437771
1.439151
1.440669
1.442328
1.444131
1.446081
1.448181
1.450435
1.452846
1.455417
1.458152
1.461054
1.464127
1.467374
1.470798
1.474404
1.478194
1.482172
1.486342
1.490707
1.495272
1.500040
1.505014
1.510198
1.515597
1.521213
1.527051
1.533115
1.539409
1.545936
1.552700
1.559706
1.566957
1.574458
1.582212
1.590224
1.598497
1.607037
1.615846
1.624930
1.634292
1.643937
1.653868
1.664091
1.674610
1.685429
1.696551
1.707983
1.719728
1.731790
1.744174
1.756885
1.769927
1.783305
1.797022
1.811085
1.825496
1.840262
1.855386
1.870873
1.886728
1.902956
1.919561
1.936549
1.953923
1.971689
1.989851
2.008414
2.027383
2.046764
2.066560
2.086777
2.107419
2.128492
2.150000
2.171948
2.194342
2.217186
2.240485
2.264244
2.288469
2.313164
2.338334
2.363984
2.390120
2.416746
2.443867
2.471489
2.499616
2.528255
2.557408
2.587083
2.617284
2.648016
2.679284
2.711093
2.743449
2.776356
2.809820
2.843845
2.878438
2.913602
2.949344
2.985668
3.022579
3.060083
3.098184
3.136888
3.176200
3.216125
3.256668
3.297833
3.339628
3.382055
3.425120
3.468829
3.513187
3.558197
3.603867
3.650199
3.697201
3.744875
3.793228
3.842264
3.891989
3.942407
3.993523
4.045342
4.097868
4.151108
4.205065
4.259744
4.315151
4.371289
4.428164
4.485780
4.544142
4.603255
4.663124
4.723752
4.785144
4.847306
4.910242
4.973955
5.038451
5.103734
5.169808
5.236678
5.304349
5.372823
5.442106
5.512203
5.583116
5.654850
5.727410
5.800799
5.875022
5.950082
6.025984
6.102731
6.180328
6.258777
6.338083
6.418250
6.499282
6.581181
6.663952
6.747598
6.832123
6.917530
7.003823
7.091005
7.179079
7.268049
7.357917
7.448688
7.540364
7.632948
7.726443
7.820853
7.916180
8.012427
8.109597
8.207692
8.306716
8.406670
8.507559
8.609383
8.712146
8.815850
8.920498
9.026091
9.132632
9.240124
9.348568
9.457966
9.568321
9.679634
9.791908
9.905144
10.019343
10.134509
10.250642
10.367744
10.485817
10.604862
10.724881
10.845875
10.967845
11.090793
11.214720
11.339626
11.465514
11.592385
11.720238
11.849076
11.978898
12.109707
12.241503
12.374285
12.508056
12.642816
12.778565
12.915304
13.053034
13.191754
13.331465
13.472168
13.613862
13.756549
13.900227
14.044898
14.190562
14.337218
14.484866
14.633507
14.783141
14.933767
15.085385
15.237995
15.391597
15.546191
15.701776
15.858352
16.015919
16.174476
16.334024
16.494561
16.656087
16.818603
16.982106
17.146598
17.312076
17.478542
17.645995
17.814433
17.983857
18.154265
18.325658
18.498035
